19970718
20170606
20120629
20010906
19990730
20150306
20110516
20100607
20110918
20170312
20001104
20040919
20120107
20131118
19980305
20181020
20110926
20140920
20070520
20190814
20000127
20171216
20150521
19981201
20070809
20060111
20101027
20051205
20230725
20000610
20160118
20131128
20220604
20160423
20210212
20071005
20081222
20050609
20050921
19990209
20090702
20130726
20041201
20221021
20171028
20160426
20130622
20231120
20060116
20030530
20021219
20210216
20110905
20130907
20100510
20200716
20100228
20210804
20070711
20191216
20040125
20050831
20010920
20000526
20130617
20141123
19970506
20180401
20050506
20070514
20071125
20060702
20131104
20100613
19980121
20030704
20050131
20220413
20080702
20150510
19980801
20220208
20160323
20041015
20161101
20191210
20121102
20210820
20150125
20100326
20030528
20090817
19970510
19991102
20180213
20140521
20130724
20080405
19991206
20160410
20170116
20201222
20150727
19981117
20151225
20111104
20200822
20031117
20210127
19961110
20160106
20060604
20030203
20000720
20210603
20141218
20130208
20160715
20031022
20000613
20070416
20040525
20010702
20200329
19980105
20000417
20020320
20111108
20040115
20211118
20151116
19980909
20090706
20130828
20060211
20180924
20190609
20071007
19990101
20091205
20150503
20110123
20051004
20060418
20150305
20110729
20051117
20190703
20221230
20101018
19980625
20140815
20080817
20150209
20100804
20220623
20121003
20130330
20230214
20010311
19980412
20050404
20120804
20011129
20140817
20000507
20110303
20120805
20180425
19981023
19980119
20040322
20150408
20090725
20090304
20211228
20051027
20091128
20110316
20070207
20150505
20150301
20070816
20030310
20160625
20010227
20091010
20161216
20010727
20130310
20140813
20181031
19980927
20080616
20151211
20170407
20230416
20150307
20100703
20050827
20200130
20180830
20100102
20220624
20041019
20110604
20010408
20060329
20040422
20180421
20090915
20030127
20140522
20230613
20071129
20111210
20031205
20221108
20080119
20010730
20091122
20031122
20080810
20240310
20231114
20210707
20080715
20050518
20200904
20150108
20110714
20210325
20171208
20190811
20011030
20040911
20151027
20140924
20050508
20200501
20140113
20190523
20120314
20210621
20170518
20111231
20010127
20171124
20031103
20040423
20230302
19980926
20000923
20000124
20030903
20220127
20220801
20200705
20010117
20190419
20070225
20190501
20170102
20001207
19990113
20020516
20210404
20081021
20171110
20110206
20190312
19980618
20210531
20100503
20130122
20190527
20060225
20180120
20030922
20050412
20020419
20110701
20121224
19980505
20240226
20051128
20110809
20101209
20240305
20140206
20040209
20131215
20090126
20070302
19990118
20130210
20191220
20050619
20170322
20190301
20141119
19990829
20201202
20060719
20000724
20111218
20120415
20110822
20081014
19990316
20180201
20100214
20171011
20190218
20181021
20090810
20020312
20121215
20080609
20060425
20060609
20140126
20060726
20131115
20020222
20021014
20031221
20080226
20121004
20080306
19970731
20200826
19970503
20080613
20110628
19990424
20050825
20010514
20240131
20070912
20150321
20090920
20140722
19990203
20020103
20210712
20101004
20161230
19970811
20090712
20180818
20180721
20110324
20161026
20081125
20030708
19980813
20040129
20041115
20121120
20130401
20130804
20041005
20081208
20121209
20041207
19980702
20071215
20090623
19970629
20170630
20060417
20160820
20081109
20040506
20201125
20171226
20190805
20230804
20091019
20220720
19980118
20160511
20120130
20210613
20021114
20040111
20201029
20090511
20060713
20040713
20050202
19971214
20010522
20020313
20230328
20190310
19970113
19981013
20130422
20040609
20090508
20080116
20090724
20160524
20000715
20140905
20020402
20030930
20010912
20230131
20041009
20150820
20200504
20140225
20120511
20170717
20180312
20231230
19971218
20150402
19980213
20151129
20130328
19990905
19981001
20131021
20090903
20151210
20101218
20181230
20180130
20081108
20181124
20190402
20160709
20111114
20160330
20170228
19980214
20230519
20160329
20130116
20090518
20210929
20141226
20120506
20230116
20080915
19981128
20141228
20071112
20150310
20220308
20030906
20180823
20190311
19990503
20061020
19970830
20160818
20030408
20001209
20201203
20000414
20151227
20030105
20110708
20160916
20150627
20001230
19991111
20020912
20070424
20161014
20030424
20120829
20091112
20111225
20041213
20180301
20190720
20230425
20180305
20031230
20060217
20141024
20070214
19980706
19980511
20010131
19991219
20001129
20200717
20220823
19980906
20240201
20140202
20031215
20120919
20090101
20150908
20030825
20080521
20220616
20111023
20051116
20050703
20200725
20190917
20230602
20190130
19990210
20031225
20160504
20180822
20231223
20210121
20240207
20060929
20081123
19980609
20201225
20230204
20060616
20200711
20000524
19981012
19980202
20080910
19970516
19961224
20100810
20120510
20200817
20180413
20110428
19990131
20120711
20000121
20200310
20210328
20150212
20211011
20150423
20030703
19980721
19970729
20210411
20011016
20090908
20140222
20160603
20221014
20101105
20130702
20160421
20190410
20000218
20020918
20060714
20091020
20150428
20030726
20100915
20080417
20020803
20090224
20070114
20030412
20151222
20141225
20200419
20020605
20090410
20120126
20150912
20161125
20051229
20190813
20030227
20030805
20130220
20211119
20141104
20151228
20141013
20010312
20150216
20050801
20090805
19970803
20080905
20210809
20080426
20081116
20050424
20120520
20230829
20170130
20171213
20110328
19971226
20150811
20150618
20190321
20080106
20170707
20180816
20191106
20010318
20191117
20120303
20120207
20080216
19970910
19980905
20051109
20201116
19980205
20050204
20020901
20100914
19970313
20000905
20160320
20071104
20030317
20090828
20160213
19990629
20220809
20140420
20240309
20060123
20010922
20231218
20060925
20240119
20110912
20110429
20020328
20090302
19990130
20190721
20040921
20031001
20180524
20151003
20190603
20140114
20171016
20220113
20101023
19970127
20010201
20120612
20000519
19980311
19990323
20010606
19970315
20120908
20230604
20140511
20230401
20220920
20151015
20231201
20060701
20240217
20000424
20090320
19990722
20010203
20090412
20191101
20041127
20080514
20100402
20140516
20030102
20190816
20150129
20230215
20030101
20170110
20041222
20080729
20041203
20010804
20140211
20020315
20060703
20170430
20061001
20021130
19970727
20000330
19970427
20080304
20170704
20231109
20040222
20190515
20120902
20081117
20121206
20031028
20180104
20050310
20150804
20150616
19970530
20050803
20050813
19991115
20190605
19980622
20230905
20200613
20050330
19990907
20211027
19981213
20070608
20021101
20060315
20101116
20050929
19981108
20100111
20190801
19971025
19990322
20170319
19970415
20070317
20211130
20020823
20040320
20040512
20140318
20031231
20160706
20221217
20090609
20220502
20150513
20100705
20000626
20140417
19971209
20050427
20190405
20221225
20231110
20130714
20180630
20190727
20190314
20000512
20170221
20050108
20140509
20170504
20180418
20220802
20001212
20050808
20090113
20030830
20160206
20130531
20180627
20021228
20201223
20190809
19990801
20201013
20090723
20110706
20100115
20191111
19970702
20230417
20200311
20030626
20211217
20090319
20010529
20170613
20231126
20010313
19980508
19970101
20170822
20060327
20041119
20020105
20230617
20150719
20061212
20240114
20120416
20171116
20141224
20150810
20110222
20030329
20120129
20230515
20230330
20210318
20050922
20120828
20041029
20060120
20010422
20161030
20110602
20000625
20080227
20010316
20110210
20160113
19980812
20170225
20120818
20151223
20170216
20150927
20160325
20230919
20090105
19970725
20101007
20180725
20160823
20100522
19970626
20190425
20210730
20230719
20200806
20110623
20040118
20150309
20090424
20141021
20020729
20200922
19980709
20070410
20220102
20020610
20080812
20160807
20231209
20190529
20160505
20030129
20070919
20100806
20170520
20021214
19980516
20100618
20050105
20180605
20110605
20150701
19971230
20130419
20171029
19971027
20020613
20160826
20060524
20211113
20021030
20050606
20220209
19980917
20040819
20080108
20160110
20060831
20150509
20140709
20020831
20200508
20050724
20220121
20140620
19980422
20110721
20171122
20180319
20180411
20000918
20130602
20140212
19970620
20111209
20230629
20210829
20150514
20140319
20030131
20080623
20200527
20180105
20200515
20070425
20010924
20061031
19990221
19970907
20000508
20110518
20200712
20140325
20230212
20210813
20051011
20010822
20060112
20140927
20130320
20201115
20030606
20110830
20220503
19980427
20100826
19980807
20000128
20070403
20140929
20141127
20210517
20171031
20031207
20001205
20161225
20121029
19970610
20220122
20160516
19970730
20120320
20000915
20060821
20120613
20101008
20070725
20071204
20231216
20210718
20191002
20190723
20091220
20080928
20030403
20230701
20041011
20000806
20061209
20210423
20120710
20070115
20180204
20160809
20210608
20080210
20050313
20010713
20101118
20160327
19991019
20150819
20000603
20180918
20131022
20220317
20160608
20100604
20110707
20040509
19970324
20090512
20030925
20111122
20160220
20060619
20110618
19970919
20191121
20070406
20110514
20180502
20160310
20051108
20131015
20111008
20151226
20191213
20130324
20181019
19970930
20200610
20130810
20130711
20200809
19981222
20111219
19991112
20190912
20090315
20021115
19990403
20230731
20100603
20110928
20210628
20220811
20190115
20040323
20150119
19970307
20120813
20120515
20180709
20020624
19980512
20180606
20140530
20111221
20131130
20141010
20010712
20020524
20070929
20030702
20100325
20130715
20000227
19970223
20140207
20101001
20200229
20130613
20000912
20130225
20000604
20210516
20030628
20130818
19980424
20080809
20191019
20160602
20121020
19990705
20160224
20200221
20180306
20120307
20050719
20230308
20160122
20071212
20040523
19980802
20071016
20230831
20110202
20121210
20140324
20040909
20190509
20110309
20171119
20130131
20160611
20030911
20201226
20191126
20220428
20230710
19991119
20060207
20080819
20160727
20040530
20110308
20061029
20080312
19961108
20090219
20150830
20000321
19970131
20091110
20240208
20200721
20170219
19980923
20190627
20130319
20030315
20210221
20190618
20110415
20220512
20081017
20221013
19990129
20190606
20231102
20080412
20070418
19961230
19980623
20090226
20031012
20030827
19980319
20000501
20050907
20100509
20130428
19980924
20050706
20160627
20191224
20001124
20151230
20200417
20040406
19990528
20001022
20150312
20000619
20050712
19970206
20160811
20000418
20170113
20091126
20060322
20230119
20220622
20120814
19980918
20130831
20040208
20120917
20211025
20131229
20070528
19980120
20190127
20110105
20200820
20161018
20210610
20070627
20140316
20061213
20150103
20230407
20120622
20020210
20020116
20150518
20200908
20080730
20240303
20060317
20151103
20060125
20100909
20120101
20140725
20190426
20101011
20181209
20170930
20140323
20070811
20170603
20061103
20051123
20170629
20140827
20050430
20240212
20161221
20040622
19990413
19970311
20081030
20110103
20100923
20020201
20061112
20030303
20150827
19990410
20130418
20020921
20190902
20210316
20151213
20160613
20000209
20131008
20011107
20050501
20180103
20070326
19980206
20220302
19981230
20090603
20101211
20051119
20120502
20230628
20160311
20000817
20230408
20190325
20230415
20021001
20020518
20140404
20060210
19990515
20130515
20190220
20170516
20150917
20110820
19980708
20040112
20070806
20190403
20170226
20200506
19991120
19990324
20040910
20150620
20000622
20140809
20010219
20080607
20121013
20160326
20160418
20030523
20070507
20180427
20050514
20120725
19991204
20190619
20100520
19990816
20210714
20161202
20060723
20050915
20090926
20160704
20140828
20131228
19981031
20101224
20081126
19970325
19991014
20020528
19970323
20200426
20120626
20060606
20120317
20070926
20151020
20200307
19980604
20091119
20050721
20200312
20120323
20200115
20121228
20100626
20221124
20161023
20240225
20010918
20001118
20030521
20160302
19980322
19970921
20000523
20170409
20020626
20100404
19970302
20010305
20201205
20030309
19991017
20111128
20000509
20110624
20041105
20100827
20041116
20030401
20051022
20170625
20150410
19970913
20100118
20110531
20141129
20070420
20200727
20090104
20060829
20111120
20180128
20070801
20050228
20050717
20051228
20130709
19980914
20221016
20040707
20230102
19971118
19990407
20061003
20190629
20150128
20080323
20221027
20150511
19991028
20200302
20111006
20020816
20110730
20170609
20170605
20000606
20071115
20050810
20200616
20080506
20141206
19961203
20030904
20221221
20111127
19990116
20120404
20030801
20090223
20041111
20040228
19970728
20060328
20211219
20040629
20030522
20160417
20130412
20130404
20110527
20160518
19971124
20000320
20030920
20210322
20211114
19970606
20161005
20080407
20020907
20080603
20020324
20100817
20071109
20010805
20131011
20141020
20100812
20230920
20191107
20200511
20180730
20220426
20231026
20120903
20230303
20140710
20000409
20000406
20140830
19990917
20030921
20111011
20221007
20210524
20040604
20210311
20040202
20051217
20180701
20101022
20240121
20210817
20040220
19961217
20190222
20020429
20150806
20210601
20050321
20070327
20130812
20151212
20100927
19990211
20160703
20100805
20060523
20090430
20130619
20130322
20100913
20070819
19990727
20090210
20220912
19990104
20230622
20171001
20110325
20170126
20230902
20070511
20010323
20010419
20220902
20171026
20090316
20210919
20010616
19991230
20020503
20201215
20210201
20090119
20230523
20000313
19971208
20140503
20160411
20200314
20080111
20140804
20101112
19981116
20161002
20121221
20200410
20060206
20160501
20051009
20221009
20030419
19990502
20120831
20130627
20221216
20050207
20170914
20140221
20060918
20180621
20011024
20120225
20041027
19981007
20010426
20060915
20060514
20050302
20081221
20010407
20210530
20201230
20180531
20160223
20050129
20140102
20210222
20190825
20070710
20100409
20020111
19990216
19970117
20100819
20201028
20000608
20210218
20040411
20170211
20230824
20171228
20051214
20170515
20050704
20180914
19980501
20170618
20120716
20020609
20210119
20200930
20090109
19980212
20090402
20150814
20090218
20080430
20181108
20150729
20100428
20010911
19961102
20090902
20041028
20110828
20090112
20210211
20080429
20100221
20120920
20000621
20060717
20040521
20211030
20130206
20211015
20190201
20071010
20121230
20170115
20200913
20131216
20120727
20090919
20151101
20000827
20220429
19980714
20120214
20151130
20190821
20010726
20131227
20070805
20070818
20071119
20220204
20130523
20150403
20230910
20031226
20181130
20040106
20140329
20190126
20020107
20230316
20160922
20171222
20220626
20070914
20120704
20080620
20121103
20030225
19980330
19981102
20101220
20090816
20000426
20131218
20061023
20100723
20000122
20061118
20070807
19990526
20140703
19970925
20111204
20120726
20140712
20010706
20150203
20001210
19980626
19980616
20090407
20050925
20230312
20060705
20000112
19980502
20220805
19970616
20200228
20110310
20050416
20090704
20011207
20220310
20050811
20130416
20140405
20230130
20030224
20100524
20101107
20200514
20151031
20060924
20051025
20090506
19970807
20101108
20121219
20061002
20170408
20080202
20001121
20211022
20190610
19970805
20160830
20050625
20220206
20120209
20080215
20110203
20100504
19990602
19990329
20220421
20090921
19981026
20091210
20100902
20230111
20000725
20071126
19990405
20031023
20080420
20041006
20001008
20110426
20060212
20170904
20010415
19990114
20180505
20010126
20040710
20071006
20100707
20110607
20060625
19980601
20191027
20231220
20030416
20070106
20210315
20100828
20000118
20170818
20171025
20201117
20180829
20160204
20200909
20190207
20120705
20181227
20070626
20210819
20040324
20130402
20180406
20200718
20090206
20180909
20120724
20151128
20090307
20200709
20150905
20140223
20140403
20190121
20110810
20130304
20060815
20010827
20130413
20160604
20210214
20070817
20150626
20120318
20120508
20020412
20100317
20040316
20220922
20230925
20090906
20180407
20110205
20181205
20231116
20020218
20100406
20040417
20081031
20160908
20080826
20190223
20030623
20150418
20191030
20210801
20220103
20171023
20111031
20070703
20050117
20110208
20120117
20120729
20170708
20181005
20081231
20050420
20141116
20220928
20071210
20010614
20070902
20160921
19990102
20030430
20110504
19991114
20040620
20060508
20160531
20110330
20081212
20180211
19990206
20160915
20170910
19991107
20081122
20040201
20190206
20001222
20150318
20151006
20240109
20190422
20130529
20151017
20170321
20110522
19970125
20110806
19981220
20080114
20000516
20100529
20220417
20230219
20181126
20140926
20191115
20070205
20120527
20220701
20031219
20130421
20160925
20060814
20090624
20110404
19990110
20070922
20190626
20200707
20200214
20100312
20221116
20140810
20140512
20070828
20081009
20220130
20060522
19970403
19981018
20000114
20010124
20131203
20070120
20240113
20150615
20180728
20160221
20040408
20171105
20181225
20041101
19990809
20141027
20181114
20010910
20150429
20120204
20000430
19991027
20061119
20041013
19971009
20140103
20010609
19961128
20060615
20100126
20191103
20200405
20130618
20150906
20190324
20000503
20010531
20050417
20031111
20121119
20160817
20111224
20130710
19961117
20050824
20140427
20100814
20160127
20100831
20110904
20060402
20030405
20211210
20000926
20100308
20160131
20090520
20080318
20180309
20171220
20050318
20160730
19971102
20211205
20160119
20140609
20220816
20171022
19971004
20070601
19970328
20061104
20110223
20090114
20040416
20070331
20010810
20021111
20021109
19990822
19971029
20190909
20171008
19970701
20200218
19980717
20141103
20200421
20001030
20120118
20030817
19970130
20150610
20070117
20010307
20210911
20170131
20050624
20200831
20030311
20001116
20050130
20010129
20120223
20150218
19980131
20050128
20081207
20110725
20150726
19980106
20031114
20050218
20080813
20080528
20020415
20181111
20100318
20070614
20030221
20220212
20110114
19990909
20130802
19980916
20170528
20041229
20210812
20020301
20160615
20160522
20150529
20171102
19970327
20090714
20060901
20011027
20030605
20140214
20100511
19990220
20170302
20130612
20210901
20170620
19990714
20130316
20221210
20170105
20091228
20220221
19970120
20080313
20210323
20011128
20170311
20090913
20230428
20190725
20091017
20160212
20190903
20090502
19971206
20010325
20230414
20100417
19971117
20090509
20140109
19971231
20180501
20230608
20011015
20240126
20230601
20070320
20100215
20180711
20210626
20060927
20041104
20060724
20161213
20050208
20090925
20080208
20060122
20010324
20080708
20110621
20120516
20090924
20140119
20120427
20010119
20150915
20001003
20100320
20180923
20100119
20020430
20131007
20170529
20070913
20231130
20120408
20010814
20050403
19980217
20100116
20001226
20020410
20180102
20230128
20210208
20180926
19970108
20040204
19971115
20100715
20031121
20040218
20040722
20110924
20020618
20090103
20031027
20080619
20070119
19990619
20030402
20200109
20160514
19990903
20150120
20080831
20230427
20220727
20080804
20200929
20091218
20210831
20001109
20001123
20021121
20140518
20050601
20000527
20180508
20111004
20081111
20021127
19970201
19970406
20041129
20170929
20220831
20031208
20061030
20080523
20231013
20231207
19981016
20070731
20081129
20130721
20000119
20191112
20100506
20150907
20171114
20190215
20000822
19991203
19970611
20060804
20141105
20050227
20171223
20190922
20021102
20090801
20180911
20220617
20170522
19991216
20230101
20141019
20040904
20110920
19970804
20030622
20220522
19980306
19970623
20111015
19991128
20101207
20230809
20230221
19990417
20181231
19990910
19970621
20140328
20000823
20220706
20120210
20110922
20151113
20081229
20221213
20050909
20101123
20190730
20020728
20120112
20050716
20011223
20171128
20140614
20051015
20060912
20060519
20011009
20060305
20050409
20110612
20221001
20170101
20230702
20061122
20050503
20131114
20131010
20101111
20030503
20130824
20011231
20240308
20210219
20171010
20050201
20180815
20130917
20060507
20181013
20180602
20200513
20011117
20000515
20161218
20191124
20060222
20051122
20030505
20120121
20170309
20091209
20221215
20201023
20030919
20160408
20120413
20000826
20000226
20120105
20180325
19970501
19981109
20010510
20080628
19991213
20190204
20020114
20211108
20040619
20230527
20100107
20120712
20070309
20170718
20080122
20070407
20231031
20200912
20060302
20180625
20060428
20100527
19970816
19961127
19970928
20120801
20230709
20080912
20020224
20230106
20101012
20150715
19980629
20020703
20110629
19980608
20230821
19971123
20190904
20111111
20050124
20000816
20080718
20230122
20000812
19981002
20210827
19970226
20210406
19990212
20050605
20210615
20200602
19990218
20010309
20170207
19961028
20070508
20040815
20060205
20050722
20160904
20010128
20070504
20240123
20141125
20091111
20030106
20010811
19970109
20031115
20060824
20190228
20001228
19970630
20200919
20030122
20240209
20110322
20200607
20090912
20001128
20011105
19990915
20160416
20130125
20140506
20181211
20201207
20091104
20050516
19980401
20230501
20160225
20000614
20220228
20080621
20021117
19990309
20071225
20040206
20110713
20180203
20110425
19961204
19980818
20180307
20150824
20090425
20060427
20100302
20001223
20010825
20001014
20010723
20030108
20000925
20011229
20230627
20230329
20181007
20151014
20210611
20110115
19991030
20181218
20020914
20090923
19990612
20160409
20140104
20231203
20020323
20160705
20120405
20161209
20130629
20060324
20130628
20110807
20171107
20200308
20081230
20010502
20050905
20010919
20120123
20140619
20210824
20201017
20020915
20231005
20170709
19980415
20130605
20191007
19990227
20030909
20011210
20100610
20210114
20001125
20200107
20230827
20061010
19970409
20111101
20221003
20030512
20040419
20180703
20170424
20060115
20171024
19980320
20030724
20050211
20040724
20200529
20010908
20160403
20120901
20100117
20190920
19981020
19991218
19980403
20071222
20000304
20011127
20160219
20220129
20180523
20190423
20020726
20190327
20150515
20080918
20060923
19990707
20020505
20071211
20120708
20081028
20040227
20220517
20201004
20010618
20190701
20141221
20110306
20240110
20130403
20001113
20140517
20160125
20060201
20010526
20130607
20030610
20061006
20051218
20130728
20080704
20220925
20230603
20061225
20110412
20170425
20120930
20220109
20180308
20110416
20111223
20120714
20020318
20010624
20010221
20130723
20040818
20231206
20140411
19991001
20121023
20110703
20170412
20170725
20150703
19990902
20130216
20120110
20090510
20150614
20220201
20101231
20190828
20081106
20031007
20140322
20060610
20090314
20110119
20180402
20171111
20110406
20010508
20210329
20070618
20211208
20160216
20060601
20130331
20100401
20021003
20140820
19981008
20150220
20130610
20050507
19970529
20131016
20050226
19971110
20211103
20100315
20091101
20100507
20150803
20171205
20200418
20000208
20230307
20221018
20191031
20131017
20230615
20011123
20210504
20121030
19990327
20101222
20120306
20160912
19990904
20050418
20000407
20020413
20110906
20051012
20030928
20010204
20231222
20140822
20100609
20110616
20220911
20190420
20040223
20031113
20141106
20150331
20100813
20230524
20160716
20050613
20160519
20050530
20220131
20070620
20130219
20141202
19980519
20150121
20120109
20070324
20131027
20040424
19970716
20100227
20050212
20171127
20030721
20050304
20230410
20060620
20070509
19990308
20030509
20150226
19971107
20210930
19970714
20160829
20200524
20111129
20090428
20000521
20180324
20161108
20161022
20100830
20210921
20220618
20061211
20040626
20090507
20040313
19970523
20030802
20151110
20071120
20190530
20130706
20020130
20090602
20050622
20051120
20150508
20061214
20030117
20150813
20040210
20100531
20100203
20140802
20150501
20240210
20220120
20220305
20061201
20150323
20230321
20150101
20231105
19970829
20180614
20171204
20230224
20031220
20081011
20051013
20010826
20211006
20181001
20190306
19991225
20131029
20201119
20170517
20240228
20111126
20161029
20190413
20020828
20020721
20080509
20110104
20190317
20001227
20040612
20100928
19970305
20181226
20051114
20150930
20230205
19961119
20081103
20110506
20221228
20041023
20100329
20141111
20110507
20090524
20060126
20040624
20100330
20070606
20010612
20171017
20090815
20010114
20110831
19980425
20021104
20170120
20060503
20060525
19970722
19981202
19991125
20210828
20110901
20080806
20101110
20090325
20030722
20060921
19961121
20040321
20061117
20080911
20100202
20220913
20100223
20030707
20060623
20160725
20221101
20200217
20130420
20200318
20051216
20140501
20210723
20030625
20070105
20101014
20240124
20220804
20190916
20000906
20000220
20150222
19980301
20200723
20130511
20060303
20080622
20221222
19980603
20071121
20050509
20170619
20050914
20210822
20091024
20141026
20161115
19991024
20150828
20200416
20230409
20130119
20031009
20230211
20191228
20140715
20021226
20130916
20090323
20091225
20040621
20031206
20140515
20021113
20111206
20220511
20090125
20130725
19980409
20030126
19980703
20210528
20181224
20050101
20000104
20050604
20120319
20140601
20120614
20110302
20040302
20040908
20040821
20170329
20060331
20090628
20090619
20170924
20160228
20060214
19991205
20031004
20220414
20010322
20110128
20100615
20020102
20230103
19970831
19971108
20190307
19970627
20230418
20041031
20060813
20200420
20110615
20010304
20040522
20041214
20220409
20141002
20150102
20240221
20221229
20231030
20180824
19970225
20040519
20120122
20131117
20190415
20231231
20150421
20131014
20080512
20110913
20090626
20090228
19980724
20010212
20081027
19970504
20030820
20101026
20160227
20090719
20200327
20040605
20070323
19970512
20180101
19971001
20141115
20130925
20110613
20111007
19990105
20010112
20000212
20230830
20221205
20130504
20140629
20170118
20140115
20230808
20161009
20050830
20131223
19990420
20110521
20020422
20190406
20060731
19981024
20041226
20210205
20140628
20140105
20200207
20140415
20231205
20200702
20051101
20041017
20030428
20080821
20230924
20080317
20030109
19970604
20220728
20060129
19990928
20180318
20110427
20030629
20000210
20220620
20000726
20160923
19970719
20140424
19961210
20110622
20210302
20150831
19990803
20000704
20120706
19961220
20030406
20050421
20071108
20190102
20110825
20210309
19990317
20050923
20121226
20130307
20100218
20120421
20020523
20210118
20080801
19980117
20000303
20010530
20080602
20061009
20200704
20190617
20081121
20150210
20240312
20150718
20041020
20020204
20181203
20090829
20040712
20180116
20091103
20170814
20081224
20080120
20001211
20140706
20190531
20230716
20080728
20180930
20051005
20150111
20201030
20031016
20000719
20210224
20130819
20051227
20090212
20140907
20181220
20100526
20140816
20111019
20100407
20060319
20230727
20150327
20140412
19970312
19990720
20020508
19990626
20020216
19981221
20111130
20080123
19990302
20000410
20200730
19990908
20110226
20150117
20000123
20191013
20220819
20141102
20090213
19971026
20011228
20090604
20150303
20031003
20120720
20060917
20070502
20171006
20170122
20040511
19970505
20090914
20160719
20100629
20160523
19970320
19990813
20070531
20120328
20170614
19970121
20071014
20040225
20170712
20240107
20040524
20101016
20040715
20021230
20100430
20061216
20180313
19980203
20060422
19991026
20040503
20190412
20200402
20151220
20070125
20030223
20140304
20140618
20011115
20211209
20090717
20101019
20061016
19980612
20100110
19981120
20120402
20071017
20001217
20180314
20190926
19971023
19970613
20151021
19970209
20140826
20220123
20211129
20060910
20130203
19981123
20120108
20050930
20001025
20030307
20001011
20191114
20061226
19990611
20141016
20180415
20080722
20181023
20070726
19990426
20040708
20041118
20010406
20210523
20020620
20160929
20121108
20040326
20010216
20041206
20101028
20180208
20221004
20011130
20190907
20070911
20240311
20090124
20050806
20190330
20170206
20180821
20120530
20050927
20020913
20030327
20011011
20160906
20090820
19980514
20100816
19990926
20080922
20021225
19970828
19990524
19970118
20040205
20140307
20130327
20180825
20080612
19981119
20010828
20030426
20231104
20231111
20020711
20181112
20110124
20070901
20160108
20091102
20010509
19970410
19990828
20020919
20100709
20010209
20110606
20020628
20160427
20190519
20111203
20071230
19970414
20201219
20040905
20080807
20050214
20210429
20200227
19970813
20170112
20220315
20061028
19990924
20200808
20030330
20090911
20110106
20211002
20200923
20070103
20100222
20040907
20200101
20000924
20200223
20061022
20110228
20110502
20080829
20020529
20080418
20070709
20020927
20041117
20140413
19970614
19990408
20230121
19980510
20141029
20030831
20230522
20121124
20051029
20180327
20081008
20100103
20041012
19980731
19990525
20160101
20151028
19971205
20220702
20080207
20201122
19971003
20210920
20210612
20090519
20220311
20060820
20230423
20090106
20130719
20090311
20030506
20000216
20210509
20191102
20091015
20210207
20090303
20110530
20040121
20101104
20211112
20220603
20111205
20140531
20130109
20061110
20220420
20190125
20120604
20061202
19980614
20210826
20140110
20050723
20060928
20060124
20111005
20091107
20211010
20000630
20080624
19980421
20010213
19961201
20000115
20200824
19990421
20040615
20000618
19991016
20030527
20090211
20050715
20140525
20230812
20200414
20090708
19971221
20220704
20231204
20000129
20210112
20151024
19970408
20110515
20220814
20110601
19970107
20230805
20000405
20021009
20191118
19971125
20000628
20030916
19971120
20090220
20011008
20041224
20170714
20150409
20231217
20100416
19970116
20180224
20010225
20050429
19990310
20160226
20040720
20020625
19990501
20161204
20021005
20210203
20071229
20180214
20050303
20181129
20091113
20050528
20100908
20090321
20141209
20090916
20091212
20160111
20020829
20190911
20060810
20010409
20150228
19980707
20110418
19981103
20040912
20020812
20140603
20021015
19980704
19970208
20041125
20120602
20020818
19991003
19990412
19990715
20201204
20050713
19990621
20010102
20120125
20180905
20100926
20221209
19990510
20040726
20131112
20191204
20080617
20110915
19961113
20060313
20030615
20030326
20090201
19980420
20230616
19991002
20050115
20230426
20041130
20110716
20011001
20060103
20240116
19990404
19980726
20020308
20070118
20050309
19970822
20030614
20140902
20120816
20190129
20181118
20110529
20170109
19980219
20170907
20130204
20021029
19980817
20180323
20101124
20041211
20071025
20210308
20111029
20110916
20150720
20141109
20000804
20130209
20160126
20200104
20020724
20090727
20000416
20100106
19970704
20001028
20021201
20131103
20180417
20150202
20150427
20020104
20201224
20100226
20050618
20071124
20131119
20051130
20230722
20100716
20071227
20030103
19970217
20040608
20180315
19970114
20040822
20130205
20210906
19990815
20010703
20120513
20100906
19991029
20110930
20230711
20120611
20160712
20090528
20040714
20210719
20140914
20080711
20121027
20070917
19970326
20070804
20120830
20150206
20220806
19980525
20220605
20190612
20080706
20031110
20011224
20160229
20160720
20191208
20200713
20000109
20180618
20080113
20151104
20010927
20141025
20030822
20200614
19981110
20240214
20150623
20140911
20230208
20030729
20220226
20150823
20000825
20130508
20180705
20040903
19991012
20050316
20160304
20200512
20060101
20130930
20021126
20240101
19961216
19980808
19981022
20011104
20120701
20210409
20101216
20220612
20051129
20150608
20010109
19970712
20220403
20230810
19980930
20150401
20170908
20060204
20111125
20180809
20050912
20041026
20220807
20011126
19961213
20180408
20061219
20011003
20171202
19990719
20220709
20231224
20040802
20130224
20111106
20021208
20100821
20221112
20081023
20030212
19970527
20080130
20080828
20130630
20000225
19961124
20170902
20070713
20201015
20181229
20010801
20120102
20120324
19970514
20200722
20130218
20230404
20230818
20120212
20200920
20200127
20090515
20210519
19961029
20020411
20061228
20080930
20230610
20010314
20090618
20160515
20171209
20180426
20190810
20120202
20100331
20120718
20090514
19970106
20171020
20121104
20170402
19980104
20040211
20091012
20101122
20060107
20171206
20110102
19981118
20200315
20210709
20110526
20221012
20191110
20011106
20021023
20001225
20180121
19980517
20161118
20060716
20050411
20070623
20130924
20200213
20080515
20050209
19990622
20060130
20230623
20001006
19970625
20090827
20040325
20101106
20181117
20150526
20211216
20131129
19971121
20031109
20080714
20040122
20091114
20080608
20160520
20020424
20040927
20071022
20191222
20130308
20040930
20050607
20170824
20070603
20081016
20120627
20051031
19970422
20221224
20210223
20100213
19980211
20010904
20150910
20180108
20100624
20090629
20221113
20050331
20130212
20190624
20090821
20170208
20190416
20120226
20000301
19970202
20170715
20110319
20021215
20040315
20221023
20160117
20201121
20030425
20021112
20160618
20120702
20060117
19981113
20021026
20010928
20130829
20050526
20101214
20140627
20110420
20120119
20091016
20131109
20020601
20211023
20220110
20020706
20050325
20150114
20040526
20070211
20130620
20230206
20000831
20000422
20091118
20121204
20211222
20230113
20080209
20151117
20151123
20130805
20090720
20170418
20210529
20220610
20150711
20190724
20190714
19991222
20020113
20181222
20020209
20211012
20111212
20210715
20170703
20160827
19980426
19981231
20030501
20060611
20240128
20150619
20240218
20230930
20050816
20201010
20000206
20180403
20080531
20231226
20180917
20000529
20091001
20060720
20110323
20180806
20051208
20100717
20080102
20180222
20151218
20121121
19980725
20171005
20110805
20190822
20140918
20000802
20120205
20030923
20080201
20041120
20170713
20141006
19970818
20110824
20050615
20080610
20030529
20060306
20081128
20110720
20070724
20050308
20210418
20031105
20001206
20020902
20220430
20230814
20100316
20031021
20140928
20200611
20121016
20160529
20071202
20000326
20091022
20210226
19970518
20110524
20220719
20100516
20180522
20210508
20221204
20040518
20161016
20210512
20161004
20170328
20130517
20190217
20170212
19991006
20220425
20010715
20100314
20101204
20110908
20011119
20111215
20171221
20041208
20130302
20030719
20160824
20070921
20121031
20101215
20070220
20210104
20010913
20161103
20090808
20070523
20060517
20201014
20190520
20220818
20040926
20230104
20141005
20091124
20090824
20070720
20160802
20130514
20200703
20020527
20121126
20110731
20090904
20230318
20190424
20071223
20170301
20151001
20190514
20150317
20151121
20151022
20210527
20230222
20221110
19980529
20121018
20230915
20060624
20060419
20071103
20000219
20011023
20170421
20060416
20050731
19961208
20150630
20060608
19970526
20050203
20211110
20041022
20100515
20070310
20080814
20050519
20190513
20000307
20190224
20170511
20170108
20120803
20150324
20170817
20000207
19970407
20140305
20020124
20040601
20031102
19990709
20131222
19970713
20031123
20240229
20180311
20110121
20100508
20041219
20140819
20200726
20110317
20090710
20130530
19980814
20050904
20010622
20050217
20200404
20220513
20160503
20220909
20211225
20130102
20170612
20020321
20131026
20170318
19990128
20160722
20220619
20220219
20030331
19990608
20070213
20120619
20130120
20200522
20010504
20131030
20070527
20211115
20160203
20040625
20220319
19980711
20140824
20060312
20040318
20141124
20080803
20050127
20070428
20121225
20080309
20060907
20180513
20180628
20041230
20110902
20200201
19990303
20170201
20060817
20191015
20220725
20070810
20110528
20130821
20000731
20010427
20020905
20120717
20161020
20060413
20161124
19970105
20150311
20230929
20020205
20051118
20050515
20200509
20200625
20080206
19991212
20101115
20200121
20100327
20211009
20130908
20080524
20210225
20120216
20220903
20180207
20000502
20100519
20080925
20130326
20090209
20060605
20150816
19981228
20021122
20180828
20170801
20151011
19971104
20070831
20130625
20080408
20060323
20011028
20180424
20051212
19990702
20040128
20140921
20100424
20230421
20220505
20050527
20201120
20030217
20141215
20191123
20020225
20220112
20160718
19971103
20000615
20230306
19990729
19971111
20130101
20160308
20100802
20040203
20110603
20070411
20061007
20130912
20001126
19961115
20070728
20220529
20230108
20000903
20150525
20070110
20211203
20110227
20021012
20020420
20071020
20000808
20140303
20111003
19970218
20110921
20220927
20031104
20180525
20210928
20051224
20100811
20220627
20090806
20030111
19980130
20190429
20001214
20120605
20021010
20120721
20131213
20170917
20171106
20160619
20100622
20160801
20030824
20210129
20131121
20230202
19990301
20091130
20181016
20050627
20230314
20010418
19990601
20050531
20150419
19991106
20220808
20150812
20120114
20200815
20000706
20040721
20180131
20131005
20010527
20161228
20170825
20161116
20081104
20190706
20141120
20240117
20011109
20060510
20060612
20190925
20141110
20040725
20200617
20130911
20070202
20100621
19970401
20061227
20160920
20190329
20220410
20061111
20150313
20050225
19981203
20080625
20080716
20061207
20230909
20000716
20020213
20140526
20070719
20101212
20160605
20141108
19980830
20101010
20161012
20220825
20140409
20120219
20180419
20181014
20040914
20110804
20230927
20121220
20060128
20170610
20191229
20180114
20030621
20010320
20160414
20120809
20081216
19990225
20230123
20180706
20010705
20160527
20170111
20180601
20110419
19980810
20190111
20021020
20150130
20200317
19990812
20160630
20120206
20131230
20190113
19970717
20020507
20160701
20010720
20120128
20010413
20221117
20070224
20161121
20090807
20130817
20060515
20040727
20050920
20030411
20080103
20110710
20160222
20041024
19990616
20201221
20170623
20010416
20090530
20091117
20060307
20231020
20110813
19980605
20010809
20091013
20210320
20120430
20161028
20201109
20120630
20010521
19970111
19990127
20160521
20140908
20001119
19981101
19980209
20041014
20010602
20120923
20180510
20060113
20060805
20231113
20070228
20130825
20211008
20121116
20100924
20020824
19990429
20100605
20201201
20230811
20070716
20220730
20191021
20141216
20170512
19980920
20091215
20040915
20080203
20170423
20100427
20161227
20070301
20071221
19971005
19961126
20070730
20110814
20200825
20030515
20150913
20110525
20201007
20131212
20221126
20060516
20160513
20051202
20220509
20010921
20001106
20080604
20151119
20070610
19970615
20000601
20090121
20201206
20130426
20091221
20000824
20120603
20070814
20150903
20210915
20221006
20191128
20230322
20170919
20160710
19990204
20230526
19970322
20170730
20211003
20131013
20050705
19970207
20000204
20230223
20190815
20160209
20091123
20210422
19990824
20110301
20030429
20060628
20211017
20051121
19970724
20070201
20130202
20030823
20200131
19990508
20070104
20150902
20150601
20200507
20000419
20120723
19981107
20110817
20190823
20211019
19990726
20230124
20061127
20240129
20190110
20000718
20170303
20090330
20230518
20170224
20120518
20220921
20170314
20160530
20200118
20140331
20120218
20170705
20001204
20080314
20020707
19970521
20220504
20170121
20000425
20141204
19981021
19990706
20090107
20140505
20090728
20070505
20071217
20111116
20050329
20050319
19980428
19970926
20150717
20000605
20140401
19970314
20190112
20010516
20000919
20090414
20080725
19970528
20020925
20021004
20160103
20100112
20030809
20050911
19961130
20121222
19961227
20040108
20161128
20030705
20120730
20040812
20070909
20140414
20160205
20050629
20231107
20171130
19970520
20001202
20190709
20180803
19970720
20140513
20060308
19990509
20091026
19990201
20040501
19980530
20160415
20230903
20150107
20120304
19970329
20230506
20090418
20230718
20181017
20210313
20060102
20070221
20230320
20141003
20131107
20081026
20230403
20150325
20170903
20141213
20000714
20130801
19990606
20070503
20150225
20060501
20050708
19980621
20190320
20001231
20000520
20171125
20121024
20050512
19981227
19970608
20230227
20040415
20060708
20190625
20071226
20111208
20011110
20161215
20011002
20181201
20020826
20020611
20211101
20010903
20080110
19980509
20070729
20150622
20061130
20050901
20091216
20080818
20210923
20100324
20070423
20020621
20110511
20100627
19990819
20210305
20051008
20210306
20050317
19980718
20000513
20210807
20160420
20030731
20131124
20211224
20030526
20050328
20001105
20010701
20190524
20120703
20190122
20131116
20200305
20140721
20000317
20010909
20030929
20210419
20121129
20130303
20140228
20110627
20220424
20231025
20060424
20010817
20000217
20120811
19981124
20230816
19981217
20190303
20170627
20070421
20210416
20210213
19980729
20021119
19981017
20040709
20131012
20160926
20240112
20130429
20230503
19991008
20001201
20030917
19970920
20160819
20060528
20011026
20221114
20220118
20230918
19981216
20220915
20100518
20020525
20221028
20111017
20000830
20130305
20131231
19981005
20181214
20090627
20230313
20200603
20050820
20211201
20181009
20130311
20060602
20170510
20180629
20181123
20161126
20081113
20220711
20230707
20080703
20061106
20200903
20040407
20070904
19970906
20170727
20000602
20220829
20011102
20080315
20030214
20030313
20141203
20201108
20131113
20201107
20030305
20190108
20131122
20000901
20081220
20061230
20001112
20101020
20171030
19990927
20210909
19970219
19961125
20180913
20171021
19961030
20020602
20150104
20221011
19981030
20150617
20110727
20211013
20210124
20200122
20140227
19970204
20121101
20080222
20020819
20170923
20220423
20121202
20030913
20050502
20010222
20140218
20091029
20061124
20120313
20150522
20150516
20070930
20020220
20010414
19970216
20070413
20130315
20120103
20231014
20150319
19971024
20230614
20110219
20000316
20131106
20110129
20020125
19961120
20051211
20230521
20070525
20101109
20210217
20180813
20010916
19970929
20100711
20220518
20210724
20210513
20070516
20030112
20050324
20021205
20130922
20080529
20010628
20140626
20180611
20120221
20080328
19980528
20220326
20180724
20150126
20231129
20080322
20220218
20120617
20131102
20081217
20190408
20230621
20151012
20010512
20141112
20150131
19971012
20071001
20011221
20201031
20090503
19981019
19971015
20190227
20001010
20230217
20151206
19990527
20110513
20180804
19980303
20021218
20210616
20081202
20200608
20190226
19970612
20140430
20120131
20190202
20130108
20210120
20180617
20110108
19970517
20020417
20060722
20081115
20140611
20080223
19991009
20040901
20160623
20100211
20020616
20020512
20200415
20040711
20130502
20030709
20100425
20050505
20120913
20150112
20050524
20090504
20011112
20010731
20091214
20090930
20150524
20101128
20070723
20100131
20130520
20190212
20191028
19981114
20130111
20040902
20220516
20140408
20190118
20080808
19970423
20220125
19980524
20181206
20080415
20170404
20171214
20210310
19980302
20080902
20110803
20210606
20171120
20070304
20020310
19971130
20040807
20010503
20200620
20181128
20090309
20121107
20000102
19990126
20100721
20141210
20090703
20040827
20010607
20110626
20170315
19980829
20190928
20150105
20220923
20080117
20001111
19991005
20120905
20050122
20131224
20170927
20021106
20191006
20110917
19980929
20140124
20200907
20190105
20100918
20100304
20140910
20200829
19990119
20051020
20201209
20220515
20010902
20161025
20001013
20020514
20101225
19970318
20130306
20141014
20060803
19961209
19990325
20200325
20020930
20101009
20050210
20070907
20090526
20041210
19970103
20160924
20121213
20220427
20000607
20190818
20011004
20221125
20111121
20220322
20090417
20101130
20120810
19991015
20210502
20040307
20130730
20091003
20031130
20120722
20210904
20010423
19980404
20140616
20080927
19971002
20220108
20020715
20020813
20100426
20030701
20180610
20230826
20071003
20220205
20200823
20090625
20000324
20080823
20070330
19990125
20150205
20191005
20060807
20231029
20060916
20130509
20050109
20110829
20160114
20010915
20040310
20210510
20191122
20201027
20151122
20200226
19980308
20130222
20001026
20080926
19990827
19991021
20040529
20140423
20201228
20150802
19971224
20131018
20190804
20071026
20040319
20000721
20181202
20180117
20150611
20200319
20021227
20190326
20161203
19991122
20150825
20000702
20051127
20101208
20030510
19991228
20200911
20080303
20130524
19990226
19980413
20141227
20150330
20170124
20051104
20081105
19980904
20001027
20140310
20190622
20010405
19970823
20220815
20010621
20140617
20000214
20090222
20060202
20110724
19990603
20070813
20020716
20130104
20190717
20180110
20140723
20221206
20090929
20170806
20131019
20200526
20030218
20170128
20101015
20040508
20210312
20100408
19990814
20150118
20151219
20120412
20030601
20231011
20140106
20010803
20181109
20011021
20130929
20120918
19990717
20100101
20081029
20170507
20210319
20170922
20040309
20191018
20120423
20140203
20100410
20201019
20111220
20130914
20000711
20100311
20200428
20020617
20050728
19970205
20160124
20130519
20191218
20081102
20160207
20070707
19970707
20220724
20051209
20020504
20081219
20150308
20121022
20090401
20110709
20010711
20020802
20200403
20050711
20020302
20200628
20080105
20050802
20170513
20010202
19971225
20200805
20230517
20080605
20170729
20100903
20130913
20200116
20001009
20170223
20171231
20140130
20011125
20150725
20120528
20051016
20110611
19991109
20240216
20161003
19970605
19990109
20231213
19970710
20011108
20090324
20010506
20211029
20190116
20120915
20180904
19990921
20120411
20020710
20151114
20100525
20190114
20210412
20091224
20081209
20110111
20111109
20061004
20210407
20000402
20120509
20120817
20071113
20170601
19971113
20170203
19991018
20080909
20000302
20130214
20220506
20030418
20040520
20100823
20130325
20130830
20040107
20030716
20150807
20181208
20160321
20090917
20011222
20211001
20190906
19981125
20161106
20221123
20200320
20190901
20130207
20201229
20030404
20051112
19990713
19991207
20210525
19980315
20100921
20060118
19990103
20110120
20231108
20111124
20060330
20151207
19991208
20180223
19990123
20040627
20101202
19971013
20020730
19970515
20000323
20210811
20230429
20201106
20060725
20020809
20200407
19991224
20031002
19981014
20030202
20050805
20220523
20010728
19971229
19991214
20070112
20190214
20121113
20030828
20080503
20101021
20121110
20020709
20160215
20071118
20161223
19990304
20070101
20200425
20181103
20120912
20201227
20050918
20090208
20171118
20090527
20090427
20141107
20040216
20230528
20220906
20090607
20180530
20081015
20061115
20160313
20001018
20080124
20100212
20180623
20231125
19971022
20080107
20211104
20070916
20121011
20061019
20230928
20050608
20120910
20160107
19970425
20151201
20090819
20220216
20030322
20230822
20050103
20090120
20221120
20080719
19970509
20120921
20160509
20121014
20231225
20230713
19990321
20160813
20000510
20060106
20050107
20010819
20000205
20100129
20200323
20050120
20171203
20050924
19990625
20101003
20081124
19990219
20050401
20040831
20230309
20031129
20111115
19990716
20121229
20141121
20000612
20121006
20180702
20140320
20110112
20141011
19961225
20210116
20190123
20060712
20220718
20140704
19970301
20020705
20190630
20110717
20181113
20021025
20000703
20200719
19990906
20050426
20170722
20211204
20211123
20190525
20070602
20020106
20191020
20181008
20130826
20050114
20030206
20140121
20011116
20220401
20190117
20091025
20221104
20060218
19980521
19980803
20200129
20030804
20221214
20171129
20001016
20170426
19970705
19981105
20030215
20120926
20011204
20011208
20000222
20130123
20100706
20211231
20010224
20121021
20230723
20061017
20140906
20160913
20000201
20130430
20171218
19981209
20021021
19970827
20020615
20210810
20211020
20140508
19961231
20090326
20130614
20121227
20090814
20170218
20180512
20210102
20211117
20101101
20041126
20060903
19990519
20190418
20100321
20140308
20071207
20030427
20140314
20070227
20120111
20140317
20160927
19970901
20080401
20100917
19991113
19990517
20210803
20180722
19970602
20030720
20051107
20100912
20000530
20081119
20170827
20130720
19990916
20050221
19990913
20130408
20010327
20230913
19980822
20210526
20190716
20140125
20050709
20200604
20130115
20030520
20231015
20130128
20110321
20070812
19990922
20060131
20060823
20201127
20030713
20090818
20170330
20220713
20090308
20211126
20130729
20150523
20200728
19991116
20210806
20070702
19981226
19980331
20190728
20171003
20130501
20040213
20000629
20110409
20090823
19990901
20210705
20100620
20070802
20040105
20140326
20190826
20060401
20010326
20030813
20190205
20210912
20170406
20070521
20180616
20240122
19991011
20050305
20080325
20200313
20090610
19981225
20060127
20170721
20020217
20110508
20120305
20190919
20010519
20150320
20060426
20231106
20061021
20200505
20070706
20210808
20220104
20000413
20010708
20050603
20210726
20040502
20180613
20010205
20091219
20050123
20170427
20101221
20180710
20130512
20050617
20000701
20140201
20010528
20121223
20160315
20111213
20190106
20210408
19970126
20080916
19990401
20220929
20191010
20211105
20140118
20230922
20200326
20210326
20230210
20200303
19961116
20001127
20100423
20000828
20060613
20040616
20021013
20220222
20000531
20240127
20120201
20110116
20020725
20031006
20170720
20081107
20011211
20020911
20020701
20050804
20060622
20060830
20180615
20010101
20090605
20050610
20031101
20181119
20070222
20030502
20020903
19961106
20210330
20220519
19980824
20070126
20120909
20000305
19980610
20221019
20061224
20161229
20070908
20170325
20040331
20180113
20080904
20130609
19991110
20000117
20230508
20021207
20090204
20200123
20190411
20060405
20050428
20110609
20201111
20030519
20170414
20201110
20051007
20100829
19990313
20210918
20191214
20020630
19971109
19961109
20040917
20180902
20000314
20060410
20131208
20081101
20070822
20151106
20110519
20220615
20170804
20221223
19980216
20020311
20070815
20151010
20160910
20161208
20161207
20021211
20230419
20070903
20111211
20060617
20061129
20220128
20140801
19990607
20030213
20081213
20091229
19990620
20190318
20091109
20220904
20190521
20170428
20121017
20040426
20111228
20020416
19980928
20161219
20020421
19961211
19961123
20030319
20201006
20170519
20130606
20150603
20240205
20000213
20090707
20191001
20010629
20191219
20060114
20090426
19980324
19970115
19971101
20130423
20010725
20010608
20221029
20180718
20130615
20141012
20120624
19990615
20020702
20101126
20120512
20190213
20170621
20061229
19970703
20060325
20140129
20170524
20070427
20151205
20090525
20180423
20030226
20131214
20090203
19980314
20200914
20081218
20190505
20141222
20091213
20020909
20000914
20161122
19970918
20011226
20200401
20100818
20030811
20181212
20191026
20161114
20130414
20191025
20130126
20160510
20160707
20070512
20020401
20230525
20120928
19980522
20130809
20090802
20130910
20150304
20121214
20001208
19980109
20140608
20140605
20100807
20000820
20021223
19971216
19980823
20220422
19980701
20090910
20200731
20150624
20060513
20240202
20210925
20040110
19970306
20180826
19980902
20181104
20170107
19980323
20080731
20020131
19961104
20020215
19980312
19991108
20161220
20240204
20030423
20040918
20140215
19990228
20110402
20000408
20040628
20061013
20140116
20030608
20090613
20130915
20060223
20040418
20021202
20050125
20101205
20070906
19970820
20040610
20020426
20121111
20041121
20211212
20080825
20060209
20200212
20120916
20000116
19980326
20100824
20030912
20080907
20220207
20151002
19990124
20140915
20200422
20230717
20071019
20050523
20220528
20101029
20031025
20190729
20130406
20030104
19981210
20240301
20000617
20160526
19970806
20130919
20141101
19991130
19981229
20091202
19991117
20001023
20011124
20010729
20000308
20000421
20120213
20121231
20061116
20141130
20200126
20040513
20160312
20160404
20090608
20010704
20030806
20171224
20021229
20200525
20150315
20220914
20220525
20000813
20100319
20240222
19961103
20070609
20070715
19970825
20170202
20000807
20030211
20030314
20060411
19990319
20230923
20020623
20080820
20160316
20050725
20180514
20010501
20041122
20100714
20041109
19991123
20020202
19970622
20120914
20160406
20070705
20221118
19991020
19990701
20200803
20120715
20140610
20020531
20120503
20100801
20040413
20200103
20010424
19980407
20060626
20100413
20080301
19991105
20150721
20040215
20071122
20201101
19990202
20230502
20030918
20100209
20211116
20180503
20050826
20091120
20150124
20120618
20180927
20230708
20031118
20040109
20091007
20180218
20160731
20140904
20091217
20081002
19980820
20091106
20200715
20230118
20060309
20150805
20020811
20020612
20010724
19970424
20030304
19990820
20170215
20100708
20080629
20060109
20040617
20200309
20030915
20180807
20110728
20150918
19980111
20020904
20200622
20021123
20080630
20131207
20210202
20201212
20210405
20231024
20070426
20040224
20080127
20020118
20220402
20151215
20230225
20110808
20021213
20150909
20000429
20150919
20011113
20030204
20190528
20000609
20030115
20141118
20160202
20160424
20041030
20121130
20120120
20071107
20020112
20160121
19970810
20100120
20170611
20110220
20091231
20060414
20210220
20051019
20171009
20170926
20071030
20161210
20191023
20170123
20141017
20110305
20140205
20090731
19980327
20050818
20060301
20041205
20211227
19971129
20200927
20080906
20060905
20010907
20010601
20151016
20070727
20200623
20070915
20070430
20031019
20180206
20000611
20080321
20001102
19990115
20030123
19990711
20191022
20210424
20070519
20160402
20021220
20081025
20050423
20060811
20041225
20211226
20101120
20010830
20100720
20130712
20190304
20121217
20040510
20041102
20031018
20130926
19991229
19970927
20221203
20100123
20220405
20190908
20210331
20120529
20040425
20050903
20160309
20080406
20040823
20120224
20130816
20071209
20060629
20021216
20210620
20020330
20080402
20020407
20181125
20050714
20171007
20190620
19980116
20060607
19980526
20180619
20171117
20070928
20160412
19980531
20070305
20140923
20200304
20210622
20031029
20021028
20110320
20090404
20190414
20190807
20020606
20030926
20191024
20170420
19980221
20160726
20140919
20210503
19970923
20020627
20100109
20150420
20090130
20140429
20100220
20030617
20040123
20190309
20160507
20010808
20121007
20171108
20190827
20140313
20160914
20140302
20080104
20180404
20101206
20200111
20040808
19980716
20180922
20040809
20230823
20070129
20001024
19970617
20150416
20231123
20200102
20021224
20220520
20021231
20171215
20081003
20191119
20070127
20020303
20120420
20180925
20020807
20030914
20140925
20040816
20040805
20190315
19990821
20090901
19980416
20020428
20210215
20101031
20220225
20190219
19990419
20160210
20230209
20030516
20100905
20130323
20060531
20001101
20050402
20200921
20020805
20150713
19990520
20141128
20211206
20090312
20060407
20200119
20131009
20240104
20080713
20010615
20150223
20190503
20090630
20140903
20220514
20170503
20080530
20000107
20230926
20090617
20050407
20050206
20051125
20080701
20220126
20021008
20071015
20220817
20100419
19970330
19971222
19961219
20070701
20000907
20000709
20230724
20100521
20020629
20070820
20020121
20070215
20190711
20000710
20010823
20000517
20030630
20210814
20061208
20130808
20050701
20060614
20000318
19970419
20181006
20120124
19980410
19961214
20171212
20160702
20160601
20191202
20210716
20230820
20120514
19980806
20090129
20201022
19981015
20010319
20160422
20231009
20130309
19980911
20020723
20150817
20031020
20040923
20090826
20110421
20220611
19961122
20140622
20090501
20230801
20060420
20120501
20050510
20101113
20131210
20010115
20180812
20061126
20120113
19990406
20210304
19970628
20210818
19970128
19991104
20120505
20231215
20211007
20190107
20150221
20040811
20111207
20060603
20170913
20100729
20030318
20150314
20220822
20090729
20201025
20101219
20230213
20050213
20170530
20091031
20050327
20040630
20010525
20011215
19990430
20020727
20020926
20130321
20050126
20011019
20101006
20060902
20071021
20230907
20110619
20210106
20030627
20131219
20041021
20090812
20191212
20000322
20050529
20040828
20010716
20151231
20030826
20120608
20081228
20210109
20151030
20010306
20150808
20070109
20160217
20100125
19980310
20080217
20060711
20091030
20160614
20070122
20081118
20110212
19970917
20221111
20221220
20030525
20131024
20141220
20030325
20190808
20220717
20190328
20171217
20111020
20180220
20230327
20201026
20110107
19980925
20180527
20130505
20051203
20130417
20000404
20180715
20040412
20070506
20070526
20160102
19990214
20030107
20170209
19981027
20190322
20120606
20031224
20220407
20091028
20090422
20141008
20100614
20210131
20040113
20221127
19970224
20000211
20120312
20001108
20000928
20091206
20100724
20020830
19980108
20130318
20190323
20060506
20081001
20091127
20050425
20091115
20181024
20040314
20040301
20060406
20160708
20230730
19991025
20230624
20070314
20030810
20081112
20101201
20150512
20030812
20031126
20210414
20161027
20070910
20041218
20230806
19970624
20130121
20200924
20160407
20230317
20200619
20020801
20171103
20140713
20180719
20001021
20230726
20010626
20011020
20161224
20150921
20071024
20031011
20011216
20190203
20211021
20070625
20210926
20150404
20201024
20020920
19981212
20021221
20230504
20070131
20230331
20210711
20080919
20070216
20130410
19991023
20051223
20240125
20150708
20140612
20170622
20100127
20040528
20010302
19981126
19980125
20140107
20071008
20230607
19980520
20141230
20220324
20200530
20210710
20130623
20170826
20200925
20030421
19980223
19970709
20111024
20130902
20220213
20240206
20070624
20130507
20180929
20151013
19991210
20000910
20011022
20140514
20180428
20140805
20200331
20000712
20200528
20110201
20200105
20170505
20091027
20080504
20220824
19990831
20150606
20050110
20110424
20160903
20150629
20010604
20051010
20001007
20030511
20170819
19971011
20231003
20000125
20070704
20091108
20230126
20011209
20081205
20030710
20210902
20091004
20191011
19980723
20030121
19970726
20220227
20161107
20100105
20180919
20180921
20070102
20150829
20210602
20181002
20051110
20100808
20180129
20150724
20180810
20051215
20131004
20240227
19980619
20010410
19991118
20020327
20210307
20170706
20140615
20240105
20240219
20180708
19971106
20070515
20140729
20091021
20110204
20040820
20240118
20050413
20151124
20051111
20031026
20230815
20200724
20210607
20030814
19990507
20131225
20070513
20000131
20190119
19970808
20170626
20070827
20130901
19981009
20080213
20100306
20170525
20080507
20210317
20041113
20220411
19990207
20180225
20021125
20101210
20070611
20240211
20161013
20110405
20000331
20190225
20060704
20010719
20191230
20160911
20120116
20021118
20201214
20180608
20150722
20030410
20081018
20080705
20220527
19990312
20171115
20211005
20101005
20171210
20031128
20080717
20010824
20030219
20020319
20170811
20160616
20030924
20121010
20240220
20141117
20101102
20101230
20100201
20020425
20160115
19980325
19980705
20130217
20111009
20070209
19991209
20020814
20070329
20191221
19970922
20191201
19980804
20121105
20120302
19961215
20000729
19990825
19970416
20140808
20050817
20060404
20160208
20100601
20070319
19991010
20010518
20231101
20000525
20051018
20231019
20080611
20000810
19980430
19991121
20060110
20220716
20200502
20051102
20200128
20201016
20101217
20191012
20001219
20160609
20120507
20031010
20020515
20060221
20110929
20000111
20230110
20030609
20190628
20210110
20020910
20221022
20120808
19971202
19961226
20151005
20130213
19990810
20240106
19990513
20150923
20160128
20170607
20230315
20180209
20140716
20100803
20170331
20110812
20210421
20200828
20100704
20090127
19970102
19990217
20100911
20201105
19990925
20001224
20041209
19990523
20150326
20190929
20090131
19970802
20150424
20181223
19970129
20210515
20160930
20080517
20091005
20030821
20130415
20031223
20021116
20150219
20050702
20100204
20190517
20100719
20080126
20010110
20111202
20140101
20030819
20001110
20030514
20120522
20100712
19971105
20100502
20050326
20100328
20070517
20210518
20221208
19981129
20130130
19981029
20230916
20050809
20190502
20230512
20230406
20120623
20101227
20060806
20041001
20150227
20041004
20061125
20090721
20110923
20021006
20050414
20061024
20220601
20000730
20160528
20011201
20140917
20140724
20051105
20180817
20001029
20050520
19970212
20170920
20160622
20070823
20080606
20190806
20050219
20170429
20160105
20210720
20030125
20030901
20231115
20130427
20141201
20110414
20090111
19961223
19971114
19970911
19981130
20070501
20070605
20200125
20191009
20160317
20130518
20211221
20140922
20181116
20030312
20200203
20200321
20000522
20050320
20120315
19971213
20110213
20151115
20200222
20190918
20060709
20200206
20091222
20211230
20120316
20100420
20000809
20080724
20010108
20181122
20090118
20020506
19990121
20170828
20060403
20230728
20010807
20010914
20060729
19990911
20230906
20010317
20060627
20090322
20131217
19971008
20200210
20110614
20200322
20051225
20180125
20220712
20040219
20070113
19971020
20150710
20020405
19990830
20090907
20211120
20190506
20070107
20151107
20130407
20140812
20010301
20091125
20060809
20220318
20160517
20100205
20090318
20020712
19980727
20140726
20190101
20020117
20231016
20140122
20131206
20021027
20030803
20111010
20140327
20070629
20160810
20100207
20050620
20061108
20190710
20040925
20070607
20110109
20120504
20050301
20221201
20211016
20190812
20011005
20220705
20000328
20020427
20201128
20220115
20230325
20050406
20120812
20080615
20160612
20120424
20020502
20080205
20041003
20110326
20190921
20131211
20221030
20190409
20140204
20111012
20230720
20031216
20100301
20180322
20181028
20180723
20060826
20170305
20080921
20220106
20020810
20090123
20190820
20030717
19990522
20110811
20051028
20110422
20080721
20240223
20110517
20031127
20091006
20180704
20201118
20070717
20231221
20131001
20151109
20180111
20231001
20060530
20120403
20070612
20010120
20050118
20080131
20230704
20170422
19970227
19990117
20001203
20201216
20030507
20231202
20150213
20181110
20230516
20030618
20030905
20221218
20100322
20030417
19980201
20111123
20030723
20230825
20001220
20041227
20160723
20190407
20210522
20180317
20191206
20191109
20090221
20090214
19990314
19991215
20080923
20001017
20160314
20190417
20220629
20110819
20131204
20210625
20140306
19971019
20210501
20150417
20081020
20150329
20210922
20120401
20160319
20120310
20080329
20140711
20111107
20020108
20030902
20150916
20101002
20120228
20110131
20130317
20180811
20040531
20220821
20120620
20080712
20220408
20040706
20041220
20041016
20030818
20061005
20200423
19980831
20080913
20160822
19990305
20031031
20050513
20150123
20020922
20040306
19990919
20170526
20000728
20030612
19981006
20201103
20020221
20040421
20210428
19980208
20160525
20021011
20030228
20010403
20131221
20101223
20210327
20010220
20081127
20080427
20200413
20150116
20190308
20090612
20080419
19970507
20220114
20100612
20170307
20140422
20121001
20040207
20050926
20041002
20020228
20180726
20160211
20140402
20071116
20031204
20041215
20090918
20090110
20040817
20040104
20010330
19970511
19970706
20190131
20120601
20170119
20080422
20231027
20150730
20200609
20111030
20170909
20020614
20180326
20011227
20130114
20130513
20140621
19971128
20130722
20080218
20160628
20031212
19990205
20210303
20130616
19980611
20180713
19970826
20010429
20010218
20211121
20220930
20170413
20150412
20210126
20000120
20020307
20171227
19990311
20200819
20100530
20110331
20010930
19980811
19990106
20200706
20120713
20140630
20180908
20001122
20240224
20090922
20160713
19961218
20211028
19961228
20160808
20231127
20031107
20180607
20181106
20160419
20240307
20010103
19981208
19990805
20060718
20140728
20130909
20180118
20231023
20080302
20040505
20140831
20220813
20070316
20110423
19991101
20020821
20180212
19980318
20090408
20020404
20040913
20220531
20100919
20190518
20231210
20220901
20140807
20191203
20171207
20140719
20130621
20020622
20100128
20141207
20040613
20100309
20130424
19970124
20170205
20050718
20060706
20060502
19990521
20170306
20011006
20180819
20170415
20070311
20221031
20111102
20031108
19990731
20160902
20000315
20141113
20140829
20201220
20040430
20040814
20170810
20220625
20090513
20110617
20090416
20190616
20000814
20040131
20150422
20230127
20150520
20070308
20000506
20091207
19990609
19980719
20130608
20000620
20140219
20170117
20101025
20050623
20071102
20120625
19991124
20210609
19980901
20000916
20070415
20160130
20010718
20090505
20180515
20210802
20020316
20121128
19970303
20010104
20050822
20081019
20060421
20000130
20240302
20190216
19980313
20220708
20021212
20050422
20190923
20030316
19961027
20031013
20000922
20040124
20131101
20070830
20070328
20100108
20100820
20150826
20161010
20010404
20220217
20040824
20121012
20040212
20051220
20010321
20200518
19980210
20071029
20190516
20170104
20110705
20121203
20121117
19961107
20121216
20020314
20000528
20170403
20150302
20240304
20141001
20230413
20050616
20120827
20111027
20220327
19990512
19981127
20210816
20101129
20120819
19970228
20090202
20010901
20160506
20050216
20190120
20220715
20081007
20230218
20030124
20170411
20090615
19990223
20131108
20120929
20200412
19970122
20040317
19970421
20010721
20090405
20080212
20060304
20071023
20181015
20120419
20120531
20140407
20161129
20130510
20181102
20121205
20040606
20011118
20180620
20081211
20170401
20030706
20170617
20150705
20001004
20131126
20041103
20230310
20010813
20231004
20061222
20161031
20050628
20060105
20071224
20130329
20030907
20121118
20171219
20080627
20080220
20040603
20160322
20090327
20201210
20130708
19970211
20150430
20190708
20051021
20060310
20120728
19991221
20070303
20170723
20230324
20090701
20200306
20161231
20010211
20001015
20010107
20160512
20230802
20020317
20050828
19981112
20170820
20201001
20030808
20000105
19990920
20171121
20170417
20120414
20040403
20140811
20020409
20100713
20231212
20120911
20240115
20180506
19980627
20210113
20150914
19970711
20071228
20061014
20220406
20130405
20231028
20101013
20220307
20090420
20000819
20040924
19971217
20000108
20180519
20201123
20090115
20030908
20180205
20090205
20100210
20010613
20200714
20020208
20220211
20130110
20011217
20200906
20120925
20040704
20230817
20080320
20100925
20011017
20060320
20050707
20030524
19980606
19980821
19990111
19980710
20210521
20121112
20070630
20060926
20090718
20090406
20080225
20211109
20180302
20220826
20100628
20181022
20160805
20170213
20210729
20200606
20100323
20140523
20071231
20220924
20190305
20141126
20150426
20090403
20150821
20011206
20230630
20010917
20180316
20130928
20200110
20120104
20180422
20220223
20131127
20020906
19971016
20231103
20110523
20010611
20170405
19980304
20130221
20060922
20040701
20070522
20121218
20020501
20140731
20221231
20010831
20021103
20101030
20181210
20111119
20031112
20191108
20181121
20120815
19990518
20160812
20071205
20070622
20120222
19981003
20120709
20140519
20021217
20211024
19971127
20080112
20121208
20060819
20030815
20210917
20201112
20070322
20130705
20111214
19981011
20040806
20200216
20230326
20131111
20130227
20001120
20171104
20180112
19961222
20110510
20200503
20171027
20201018
20120322
20010523
20120321
20070208
20040703
20101203
20130312
20070313
20100403
20181030
20041025
20151029
20210430
20091230
20080903
20220224
20191104
20051221
20220313
20050517
19990817
20231128
20120731
20140727
20130228
20161206
19970908
20130503
20010130
20000427
20030513
20220508
20170608
20010511
20091201
19970522
19970404
20180903
20161112
20190430
20140520
20191008
20091204
20170726
20170523
20220215
20150716
20190914
20010116
20080802
19991007
20131123
19981215
20191014
20080501
20040929
20151102
20120802
20210805
19981122
20200821
20150527
20061008
20070714
20191017
20180410
20011014
20081024
20221010
20120410
20050819
20110218
20191127
20190604
20140315
20100414
19970405
20160909
20171229
20201005
20220105
20031014
20180430
20170501
19991201
19990428
20111018
19970904
20020101
19970110
20031125
20220321
20151217
20020530
20110216
20080601
19991231
20031222
20010818
20180107
19991022
19990614
20050726
20220530
20050102
20061223
20090830
20121019
20070409
20181219
20210506
19990929
20061027
19970519
20090421
20101121
20070927
20190613
20140916
19980222
20111117
20140613
20040515
20100405
20040928
20150109
20061018
20141122
20040705
20040103
20060311
20090207
20231021
20090730
20181101
20010821
20100822
20071206
20230520
20110625
20210420
20240102
20090614
20230912
20210830
20120806
20000818
20070821
20181027
20090317
20010520
20131120
20060715
20210321
20040729
20070108
20200729
20170320
20000713
19970426
20100216
20021204
20140128
20130624
20050322
20101117
20140224
20060908
20161102
20170724
20211124
20080125
20130313
19980613
20020129
20011031
20081022
20110408
20060812
20031211
20230531
20090301
20031024
20130411
20050720
20040429
20120417
20000921
20220521
20051006
20030422
20030620
20051207
20150405
20170316
20030715
20181221
20100513
20080425
20230609
20130506
20000423
20110704
20201130
20061218
20190802
20230619
19980321
20170616
20200928
20090811
19980225
20060415
20030205
20181215
20110919
20090620
19990623
20031228
20180801
20050215
20030730
20140111
20220320
20020928
20000110
20050812
20220524
20020520
20130820
20130927
20220714
20221128
19990505
20170815
20021016
20061011
20080727
19970104
20230201
20081225
20041123
20151111
20220331
20050710
20010105
20150920
20080219
20000327
20151105
20050119
19980819
20040312
20090117
20161212
20111025
20060326
20060512
20190803
20001229
20170701
20010802
20150207
20230611
20191226
19981010
20021222
20230904
20071123
20080228
20171230
20000927
20090313
19970902
20121123
19990307
19990704
20071214
20200316
20200812
20141015
20081130
19971220
19961111
20150414
20010303
19980220
20040229
20160413
19991126
20200429
20170728
20230424
20200328
20010331
20000829
19980624
20040226
20180528
20120524
20110620
20020820
20070824
20010411
20141217
20200816
20200430
20171201
20040830
19980316
19990506
20050727
20020423
20070722
20200516
20000312
20110117
20170710
20090409
20101114
20101226
20221211
20081204
20061012
20010329
20030619
20131125
20151004
20160214
20030409
20110630
20030504
19991004
20231022
20180521
20170602
20150106
20071213
20120821
20081227
20011025
20150407
19970429
20231211
20070712
20010717
20080121
20201021
20110911
20161021
20010428
20170731
20080308
20031209
19980607
19990710
20180906
19990618
20120327
20141229
20160508
19970812
20130822
20220124
20051210
20100910
20161117
20020219
20080924
20010619
20120407
20190209
20140708
20180516
20211215
20030613
20150818
20130904
20120525
20210413
20020513
20240306
20050121
20071111
19971116
20200630
20230125
20050621
19981206
20230606
20050222
20070318
20090329
20030113
20011012
20170416
20170210
20171002
19961229
20030407
20140418
20090927
20000412
20221002
20001216
20220323
20201208
20050419
20080508
20200801
20120106
20130211
20140901
20040801
20020408
20210701
20210210
20220907
20061220
20230803
19970513
20010122
19980113
20190511
20031124
20230411
20210117
20051115
20080522
20151112
20030413
20010812
20041128
20021031
19970914
20140312
19991127
20180122
20190109
20111230
20051219
19970321
20220101
20211026
20030816
20160928
20151018
20020110
20160120
20210227
20080811
20170220
20170830
20220210
20100619
20211127
20120822
20140529
20180412
20131226
20190124
19981211
20050104
20140217
20101125
20210507
20020203
19981115
20100722
20000624
20040401
20190731
19981025
20070405
20020226
19970619
20160318
20060526
20051206
20000627
20151125
20180115
19980127
20180526
20050306
20160626
20100730
20020304
20030414
20041107
20150926
20110802
20011029
20191004
20221107
20180912
20051106
20140818
20100922
20060710
20001213
20190221
20110315
20010315
19990807
20041008
20150122
20040719
20060226
20011111
20210914
20230721
20000221
20180712
20230901
20000920
20100418
20070925
20000929
20070718
20141022
19990120
20060919
20100113
20160714
20110726
20210122
20210101
20210629
20080723
20200917
20080326
20210717
20060527
19971119
20020708
20210228
20210704
20100121
20121127
19970607
20111002
20020808
20221212
20050630
20000420
20170310
20101103
20080409
19970112
20080618
19971014
20101119
20070116
20020326
20110909
20220607
20200113
19980218
20221008
20080917
20160621
20080229
19991220
20180517
20140701
20190210
20001005
19980515
20170204
20021203
20110207
20000309
20180901
20031017
20221119
20040101
20120825
20000202
20190504
20050223
20080526
20211229
20000514
20061204
20081206
20111201
20140507
20090726
19970525
20140912
20160306
20070412
20161006
20190316
20190905
20181011
20060318
20220919
20161211
20071220
20150922
20020604
20040405
20220606
20020214
20160104
20190302
20181026
20210916
20220721
20040723
20081006
20090705
20091211
20010123
20021129
20110130
20121005
20060827
20041124
19991217
20151202
20121207
20090310
20211202
20020115
20210123
20210415
20070829
20031106
20060727
20211106
20230402
20141007
20120220
20020212
20170829
20190830
20081214
20100623
19981205
20190401
20170716
20200220
20210627
20060224
20220119
20091023
20001103
20100930
20060906
20000518
20120526
19970603
20230412
20200720
20050612
20031202
20220830
20180126
20010226
20051222
20160331
20110711
20020306
19980915
20090516
20140624
20040126
19971031
20181029
20120820
20010925
20031120
20070218
20220312
20111105
20010513
20030616
20151120
20230529
20040102
19970430
20010420
20031116
20110815
20170711
20110413
20121201
20200708
20090227
20231208
19980503
20230715
20080421
20210728
20000319
20110610
20230807
20130226
20070615
20231012
20061123
20110818
20210721
20130827
20210630
20100104
20011114
20221017
20160218
20190526
20200517
20170905
20120418
20110914
20120330
20000902
20220303
20180626
20150901
20111103
20040410
20081004
20040119
20221130
20210103
19990514
20120311
19980828
19990610
19970817
19990409
20180310
20130124
20161024
20001115
20211122
19980815
19981207
20130811
20080710
20031213
20120217
20220905
20100124
20170901
20161111
20070808
20201218
20151209
20230505
20010929
20180123
20110411
20010402
20211102
20220214
20000917
20150201
20190608
20120616
20191227
20031203
20060408
19970411
20140416
20000403
20041212
20121122
20090928
20161007
20041228
20030210
19990823
20230228
20150706
20170925
20051113
20160620
20200117
19990627
20160717
20191217
19970215
20111014
20230120
20230304
20140123
20130727
20070721
20180814
20050504
20081012
20041202
20181207
20011218
20070621
20021206
19980908
20180331
20150609
20050511
20190128
20180109
20110327
20230819
20040514
20070124
19980513
20210130
20180604
20051230
20190211
20220412
20080720
20030120
19990811
20110113
20030420
20040614
20100219
20181012
20020414
20101127
20150204
19980630
20020720
20021110
20170514
20091227
20160428
19971112
20100602
20170821
20010425
19980713
20011202
20180227
20230216
20220526
19990402
20030321
20230626
20060621
19980907
20110225
20080914
20130611
20211220
20150217
20140208
20240213
20000106
20150411
20130701
20170313
20121115
20051014
20071027
20150504
20160711
19990804
19990208
20170809
20010905
20010228
20080118
20140814
20211125
20040906
19990326
20071002
20230109
20200618
20141231
20150605
20040803
19971227
19970420
20010111
20030727
20230117
20181018
20080324
20180920
20100517
20210823
19991103
20110214
20120922
20180303
20170702
20201113
20170217
20120308
20141211
20071013
20200830
20030714
20161119
20010709
20080824
20170531
20180504
19970815
20100122
20150604
20130117
19980228
20040304
20110318
20130314
20200814
20111110
20061221
20080527
20100725
20220908
20110417
20091121
20090809
19980329
20101229
19971203
20131201
20200520
20110509
20061109
20200224
19970915
20191129
20010421
20080626
20151127
19981204
20190507
20161109
20120325
19980527
20160918
20080129
20141028
20090102
20220613
20001114
20221226
20091009
20070402
20050916
20091223
20120422
20140108
20110110
20030607
20011018
19971215
20020510
20200408
20071128
20100617
20230507
20181204
20050205
20210417
20230921
20111016
20190427
20040420
20010610
20130731
20221207
20220419
19970319
20010630
20111222
20070422
20000708
20090415
19961114
20131020
20170918
20001107
20191016
20171225
20040221
20110221
20190614
20170928
20161019
20221015
20130906
20130823
19980226
20020607
20011122
20020731
20050919
20180928
20060423
19961112
20060909
20170125
20150702
20140301
20210903
20130713
20010714
19961212
20180731
20070613
20220404
19990422
20221219
20170327
20170317
20090713
20140120
20201002
19990415
20200301
20020122
20220729
20040916
20190319
20081013
20161113
20120823
20220301
20170324
20161226
20180716
20220710
20061107
20180429
20020522
20210927
20040328
20100825
19980912
20140720
20130918
20200112
20120326
20180518
20160828
20130129
20210706
20130813
20040311
20030531
19990504
20071004
20140625
20020817
20090523
20071218
20000803
20120521
20201102
20040409
20040920
20160502
20060412
19990721
20130806
20180127
19970123
20191003
20190103
20071105
20110209
20100901
20120227
20200124
20150115
20111001
20150714
20211014
19971018
20150215
20040623
20150607
20030114
20060913
20050116
20010401
20060121
20220621
20000223
20060409
19980809
20161205
20010815
19971223
20150904
20181105
20061105
20220116
19971228
20020519
20181213
20150208
20100505
20201020
20210125
19980414
20210403
20001218
20090429
20020329
20050902
20200424
20201129
20211031
20210425
20180511
20130905
20070206
19981028
19970909
19990802
20090305
20140707
20041204
20130103
20000616
20140714
20190601
20081201
19970924
20221005
20100726
20230311
20120719
20231112
20011205
20211107
20130803
19970203
20190705
20110215
20090419
20180820
20030415
20001221
20110126
20021018
20080510
20070419
20010707
20150728
19990914
20130601
20140428
20100422
20211223
20170304
20030328
20031005
20030728
19990411
20090715
20060707
20020804
20230625
20120425
20050729
20110127
20111112
20130201
20140117
20220416
20020211
20170813
20171019
19990806
20010214
20170502
20050106
20140112
20151221
20150815
20031201
20230203
19971212
20221020
19990725
20080101
20060930
20200827
19980129
20090215
20191205
20050220
20100701
20040303
20140220
20110826
20011212
20010617
20091116
20100412
20211211
20000505
20170508
19971204
20060521
20200601
19971211
20040330
20080214
20020908
20230712
19961221
20091008
20070417
20210725
20011220
20151126
20061025
19990222
19980411
20170628
20151023
20201011
20051017
20160401
20010310
20120607
20151214
19970317
20160905
20190831
20061206
20140421
20041106
20121109
20080709
20150519
20210623
20170419
20191120
19970809
20120429
20000101
20090225
20070121
20050307
20000821
20160607
19980408
20130526
20081215
20220628
20230813
20070226
20220803
20150723
20070414
20161214
20211218
20130521
20080815
20060208
20191215
20180529
20080410
20161105
20040130
20171014
20210314
20130707
20010206
20070312
20000723
20010515
20210604
20180330
20160305
20180304
20170410
20090804
20231122
20190512
20040825
20090621
20201211
20110718
19980910
20121028
20100904
20170326
20180907
20041216
20100217
20190817
20180612
20161017
20040717
20140930
20060818
19980720
20070203
20220602
20150929
20000909
20031015
20040618
20211018
20040305
20010507
20000306
20060520
19990718
20050521
20020822
20180215
20211128
19970916
20120301
20120127
20090116
19970428
20130118
20140602
20200905
20070128
19990330
20160728
20110827
20180106
20080901
20080128
20090306
20000229
20180603
20040127
19990224
20020418
20130301
20090216
20140213
20061217
20140821
19970708
20230129
20061203
19980328
20030119
20151203
20181217
20030216
20221105
20080827
20071106
20200406
20110715
20041007
20130527
20081203
20060316
20080428
19980722
20040120
20180910
20180416
20060227
20161110
20020322
20230714
19980227
20200531
20220111
20160814
20150415
20151026
20020123
20171015
20110910
20110503
20060802
20240111
20220202
20040829
20091011
20040702
20000224
20110211
20230620
20010215
20040602
19971007
20000203
20210618
20100523
20000228
20021019
20081120
20160429
20030308
19990215
20140510
20071101
20060911
20110816
20021007
20231017
20200910
19961205
20220917
19970801
20040716
20040731
20161015
20170906
20160303
19980418
20130425
19990418
20050910
20070404
20150612
20140131
20020704
19971207
20140504
20050823
20110217
20170227
19971122
20041018
20061210
19990416
20010417
20100225
20020305
20090517
20180827
19981121
20111227
20010207
20051023
20151019
20150502
20110118
20080331
20001130
20130903
20061128
19991223
20130807
20231008
20030718
19990724
20120924
20150211
20061205
20120826
20090411
20100224
19970304
20170812
20110329
20050829
20150809
20080413
20060505
20200510
20220810
20190331
20050522
20210410
20191223
20070920
20141009
20140216
20021022
20150602
20220608
20090601
19981214
20030711
20030807
20150127
20051030
20231010
20140730
20100206
20140803
20080830
20210324
20230226
20020714
20050111
20220415
20170805
20121211
20041108
20080404
19990511
20060119
20071110
20160821
20181004
20180916
20180328
20001020
19981224
20150530
20180805
20031218
20061231
20100929
20160806
20070217
20050224
20080805
19980827
20111229
20120409
20160405
20100608
20020309
20051001
20050913
20000801
20190623
20000913
20180520
19990315
19990530
20090709
20141223
19970213
20011101
20200624
20151229
20191116
20030611
20111013
20130105
20161011
20131023
20040114
20220828
20131209
19980615
19970609
20141214
20101017
20080211
20220916
20160307
19990318
20180802
19981004
20200701
19990624
20080518
20240203
20220117
20030222
20230115
20050614
20070518
20120523
19990604
20010118
20110501
20181120
20200330
20240215
20121015
20110712
20070604
19970417
20020526
20090217
20020127
20050323
20010923
20220827
19991129
20050112
20111028
19990826
19990912
20131220
20100303
20110821
19961101
20171018
20080416
20190615
20211213
20210910
20130815
20221109
20150531
19980620
20180729
20000805
20080511
19990427
20210708
20140705
19980507
20020509
20161120
20170615
20110723
20210401
20040611
20180226
20090822
20100501
20131110
20140717
20091002
20210514
20060825
20000401
20210107
20210511
20220910
20070325
20100512
20060509
20141212
20100718
20171012
20100809
20201114
20150425
20080330
20160430
20220510
20010217
19971201
20191209
20080707
20160815
20100916
19970221
20070628
20040730
20160129
20010625
19981104
20050917
20100702
20200804
20130704
20150406
20081110
20120615
20091129
20151008
20010328
20171123
20011121
20100411
20080224
20050807
20090711
20200629
20240103
20230114
20150925
20060920
20140419
20180720
20220812
19980523
20070223
20090905
20150731
20040527
20131202
20210624
20150528
20200427
20040217
20240130
20000411
20010113
20040414
20020521
20230618
20041112
20040507
20060914
19990708
20040504
20000705
19970821
20181228
19990613
20080204
20021209
19981218
20010820
20120904
20021120
20050821
20140410
20070616
20001002
19971010
19970210
20040402
20070219
20120203
20001117
20210505
20131002
20060730
19980115
20190910
20070315
20170509
20100313
20160919
19980317
19970222
20181003
20171004
20111026
20210924
20200211
20221202
20150507
20000329
20160123
20110512
20150413
20110722
20230612
20060430
20200219
20200710
20161201
20230420
20060728
20130223
20090122
20190621
20061113
19990723
19970413
20210722
20090813
20230828
20200813
20060228
19980107
20070306
19980204
20130127
20070212
20010806
20050626
20060630
20050315
20061120
20180202
20151007
20140909
20100907
20010627
20020227
20190404
20120406
20200901
20220703
20190722
20200807
20060518
19981106
20180228
20060822
19980114
20010605
20040327
20141114
20210128
20030302
20171126
20130522
20160729
20221115
20021017
20070321
20030128
20030208
19971021
20190719
20020511
20210702
20190421
20200108
20180210
20121008
20120426
19991226
20190712
20190915
20201124
20040804
20100421
20180808
20070803
20210617
20021128
20101213
20160606
20110224
20030725
20110702
20200209
20021002
20170103
20081114
19970824
20160617
20230917
19971210
19971126
20150113
20080109
20080525
20150328
20100528
20190104
20011010
20201231
20000415
20041221
20080726
20080513
20180727
20200208
19980825
20091226
19961105
20130718
20221227
20020929
19980419
20080411
20151025
20050113
20190208
20070905
20180609
20010210
20220330
20100606
20140825
20161222
20021124
19990630
19970618
20161123
20150506
19990808
20051231
20131003
20160831
20070708
20120331
20140127
20100630
19980602
20091208
20010710
20180119
20010430
20100728
20100114
20180624
19980124
20071009
20200810
19970723
20020406
20120906
20120211
20070111
20100920
20180405
20111118
20130717
20130921
19980429
20210703
20070429
20231006
20120329
20140527
20120215
20150613
20190522
20191125
20170807
20211111
20061101
20050815
20070826
20111022
20140330
20191105
20090521
20120807
20170624
19980826
20160724
20000325
20190602
20030323
20081010
20031030
20080505
20030910
20080519
20210905
20220203
20091203
20111021
20160825
20061026
20151216
20030301
20120208
20071117
20150628
20221025
20170308
20060203
20221026
20030603
20060816
20180915
20121009
20090831
20141004
20050906
20070130
20130106
20220918
20020126
20170129
20010620
20070524
20180622
20050415
20200523
20000908
20200627
20141018
20120628
19991202
20010829
20150214
20210913
19980103
20071018
20231121
20180714
20030220
19990112
20020619
20201104
20060321
19970331
20030324
20020325
20100625
20200615
19980417
20100731
20230908
20090616
20070619
19970819
19980728
19971028
20230105
20160328
20160301
20100611
19980506
20210204
20220328
19990107
20030829
20150928
20080502
20210821
20210619
20170831
20130716
20161001
19991031
20230729
20190508
19990320
19971006
20080816
20050525
20180507
20170921
20190829
20160901
20190715
20170915
20111226
20010505
20161217
20231219
20030320
20230513
20010208
20020815
19980816
20230207
20141030
20031217
20210713
20160109
20040214
20210426
20010517
20230305
20071208
19980307
20181025
20080614
20110312
20090722
20120907
20001031
20040116
20120519
20040718
20170816
20160629
20090128
20180717
20020917
19961026
20110314
20160610
20150712
20041110
19970418
19980504
19980102
20020119
20171112
20040308
20040517
20021107
20210209
20141031
20231119
20110823
20100429
20121106
20231228
20150110
19990306
20000722
20040516
20180831
20140210
20200926
20151224
19970508
20011230
20020717
19990818
20071028
20200202
20090413
20050814
19990516
20041217
20231118
19981223
20031229
19971030
20090522
20090331
20220107
20060215
20091105
20021210
20010223
20051126
20060314
20020128
20201012
20111217
19970814
20160816
20071201
19961031
20200916
20140623
20150224
20120610
20150924
20170506
20191130
20170916
20001215
20230220
20170808
20020517
20080316
20020825
20030201
20211207
19990728
20071216
20121114
20180221
20200411
20110719
20140226
20200605
20030624
20000811
20021024
20141205
20231229
20230107
20080327
20200409
20050908
20231214
20131006
20150322
20110311
20011225
20100305
19990617
20200120
20140502
20011120
19990605
20020924
20120707
19980913
20000717
20050408
20020603
19970308
20080908
20010816
20140718
20050314
20121125
19970912
20160324
20100307
20040607
20190924
20191113
19990529
20031008
20230509
19990331
20000113
20230703
20101024
20090328
20170114
20060220
20080319
19970220
20170521
20000504
20110927
19981219
20071114
19980712
19980423
20160624
19980128
20060219
20021105
20011007
20070923
19980405
19971017
20080423
20100514
20240108
20210908
20150316
19990213
20010722
20231227
20130626
20150709
20220325
20100310
20190726
20110925
20200918
20020120
20130525
20001019
20080311
20161008
20000930
20040826
20020923
20180509
19971219
20210907
20070918
20210731
20110505
20140528
20010121
20211214
20080307
20151108
20030712
20090611
20031214
19980628
20140425
20140426
20141219
20071127
20180320
20020722
20080920
19980406
20210815
20170911
20081223
20181216
19991013
20090803
20180414
20191207
20020713
19970214
20181107
20010125
20180219
20110401
20071203
20060618
20200106
20090108
19980309
20220309
20060216
20180329
20030116
20160201
20090606
20110520
20090423
20170719
20060504
20010308
20021108
20220614
20220926
20140604
20080414
20200204
20020806
20190819
20090622
20180217
20130703
20100616
20020719
19980903
20220726
20070825
19970119
20030130
20230323
20051026
20190510
20051002
20150911
19980207
20090825
20231117
20181127
20080424
19970905
20061121
20170323
20050405
20221122
20150704
20071031
20100727
20010926
20220630
20181010
20160112
20210402
20000310
20160803
20060511
20221106
20230430
20230405
20191231
20171113
20120115
19980919
20180124
20051103
20230112
20030518
20101228
20220707
20121026
20210614
20180216
19961118
20110907
20160917
20020207
20230911
20090716
20141023
20220507
20220418
20041010
20000727
20080305
20011013
20001012
19980224
19970310
20190428
19980922
20051226
20201003
20200915
20020206
20210427
20040329
20231018
20160804
20220316
20060801
20220820
20220304
20150621
20110410
20000103
20210108
20110313
20120517
20080520
19990703
20170803
20000911
20040427
20090529
20130814
20031210
20220314
19990108
20060828
20060904
20130923
20140806
19970531
20230705
20220723
20180321
20100815
20040728
19990930
20150517
20040428
20061215
20090909
20220306
20070530
20010106
19980126
19961202
20190713
19961207
20071130
20160425
20110801
20100130
20200205
20191225
20230422
20190702
20030517
20230706
20160907
20080221
20231007
20130112
20190611
19990628
20190607
20030604
20171109
20150707
19980112
20200519
20070123
20050312
20170527
20210206
19970715
20051201
20060529
20130604
20070408
20030209
20200626
20091018
20190718
20190707
20010623
20051003
20210105
20141208
20110403
20131205
19990425
20010603
20121212
19970721
20140309
20120309
20161130
20160721
20121002
20171013
20030602
20200324
20011103
20190824
20171211
20031227
20130920
19990531
19961129
20130409
20030118
20070510
20091014
20061102
20011219
19970412
20131025
19980122
20140702
19980215
20221121
20170222
20110903
20221024
20061015
20211004
20081226
20201008
20200818
19980805
20051124
20170106
20231124
20041223
20020718
20230514
20030508
20080310
20230914
20051024
20040117
20070401
20040404
20150822
20080403
20111216
20210727
20130603
20030306
20020223
20110101
19980101
20071012
20111113
20201217
20080516
20020109
19980518
20120824
19991227
20171101
19980617
20041114
20120621
20151009
20150801
20230530
20140406
19980123
20020827
20221103
20060104
20050928
19980921
20200215
19990923
20180420
20201009
19970524
20060108
19990122
20170127
20170823
19980110
20130516
20070529
20230511
19990423
20140823
20230319
20120229
20031119
20000623
20140321
20001001
20140606
20110304
20080929
20140524
19970316
20000815
20201126
19991211
20190930
20100710
20020331
19970903
19980730
20240120
20051213
20230605
19980715
20020916
20201213
20040922
20160116
19970402
20070924
20050602
20030110
20000428
20220609
20070307
19990414
20010524
20151208
20071011
20150625
20090531
20181115
20130528
20130215
20100208
20191211
20000511
20151204
20070617
20161104
20131028
20110122
20220501
20140607
20060721
20061114
20110125
20220329
20060429
20200802
20020608
20221102
20140913
20120927
20131031
20210520
20011214
20210825
20230510
20200521
20190927
20180409
20080822
20170802
20011203
20170912
20210301
20140311
19970601
20000215
20221129
20120609
20110608
20100415
20151118
20110430
20191029
20060213
20041231
20020403
20200612
20120428
20230301
20170604
20200902
20200811
20050311
19990328
20130113
20050611
20000126
20040813
20210115
20190704
20060808
20210111
20210605
20220731
20081210
19981111
20220722
19961206
19970502
20231002
20070204
20050410
20030207
19970309
20130107
20200621
20030927
20131105
20040810
20121025
20140209
20071219
20050730
20170214
20081005
20110407
20190913
20200225
20110307
20200114
20080115
20220220
20011213
20000311
20000904
19980402
20010412
20070210
20000707
19990712
20161127
20051204
20180707
20190313
