(222738709477,316551778779405646458024537762733801628425406461784850075599026498565053741337014147035678112471767302308313353838044031384848988200756445707893827080502933079092477245748936205615933)
(664206699157,316551778779405646458024537762733801628425406461784865888104427550077373548635944879652146674701538655158942462878858974744248309318363468921449484127695581959767202569054993652750413)
(466816971715,316551778779405646458024537762733801628425406461784850540303274228943505333219096607064771157569751164935212810740341383248296484763121216876204976922546302648442276863425162951302531)
(607781685226,316551778779405646458024537762733801628425406461784856583382479099611040995482582095486729568867989002474408931170294156825431149788517895709696274929020833693332497499840363986925099)
(461897022854,316551778779405646458024537762733801628425406461784850493556595331266454714391588455928605071712770811139310679403293828814206705942751367641724970531838791010168761153135360884888535)
(202327489838,316551778779405646458024537762733801628425406461784850075423398238878408230054253297735101192329059219854114270219684709044279114983523359477376014765414249172332168704365910277580351)
(725444534262,316551778779405646458024537762733801628425406461784888271334595529696194192935525696332159935854379702373400181836567569198038350522944722135426814323563038237838302091934606155414343)
(141109996562,316551778779405646458024537762733801628425406461784850075317586071223857237881593915942449100069207516884338864872222789437630103529153819546593153502414706533022296987673577977490643)
(804730347399,316551778779405646458024537762733801628425406461784957840821679977943920236001416214794146567946679239226799972519639121487616962138348188601823466436334038618719972219587477332148495)
(816183152786,316551778779405646458024537762733801628425406461784974198308680985846108087143358779128530920963540979977208391612900806473785228320819563422998987542015274186487481705512333905741139)
