Basis (Matrix B):
1024 -173 631 -428 502 -811 -47 892 -612 -408 -231 -138 349 -793 -313 -317 268 573 -734 -176 582 -973 -527 -281 -202 -863 -279
-173 1024 -527 -793 -47 -408 502 -231 -428 892 -811 -313 -138 349 631 -734 -317 -176 268 582 573 -279 -973 -863 -527 -202 -281
631 -527 1024 -313 -811 892 -408 -428 -793 -47 502 631 -734 -138 349 -231 -317 -281 -863 -973 -176 268 582 573 -527 -202 -279
-428 -793 -313 1024 -231 -428 892 -811 -47 502 -173 -138 268 631 -734 349 573 -527 -281 -202 -863 -973 -279 -176 582 -527 -317
502 -47 -811 -231 1024 -173 -428 502 892 -811 -428 -734 -317 -231 573 -138 349 -202 -527 -279 -281 -176 -863 268 -973 582 631
-811 -408 892 -428 -173 1024 -793 631 -313 -527 -47 -317 -734 268 -176 631 -138 -863 -202 -527 -281 573 -973 582 -279 349 -231
-47 502 -408 892 -428 -793 1024 -173 631 -313 -527 573 -317 -734 -863 268 -138 -973 -279 -176 -202 349 -281 631 -527 -231 582
892 -231 -428 -811 502 631 -173 1024 -47 -313 -793 268 -863 -317 -527 -176 -734 -281 -973 582 349 -138 -202 -231 631 573 -279
-612 -428 -793 -47 892 -313 631 -47 1024 -173 -408 -279 -281 -202 -527 -863 -176 582 573 -973 -734 631 268 349 -138 -231 -317
-408 892 -47 502 -811 -527 -313 -313 -173 1024 -793 -527 -863 -279 -281 -202 -973 -138 349 631 -231 -734 -176 -317 573 268 582
-231 -811 502 -173 -428 -47 -527 -793 -408 -793 1024 631 573 -734 349 -317 268 -231 -138 -176 -863 -281 -973 -202 -527 582 -279
-138 -313 631 -138 -734 -317 573 268 -279 -527 631 1024 -231 -734 -317 268 631 -138 -863 -279 -202 -527 -281 573 -973 349 582
349 -138 -734 268 -317 -734 -317 -863 -281 -863 573 -231 1024 -138 631 573 -734 -527 -202 -281 -973 -863 349 -138 268 631 -176
-793 349 -138 631 -231 268 -734 -317 -202 -279 -734 -734 -138 1024 268 631 -734 -279 -281 -527 -202 -176 582 631 349 -863 -973
-313 631 349 -734 573 -176 -863 -527 -527 -281 349 -317 631 268 1024 -138 -734 -176 -863 349 -279 -281 -973 -202 -527 582 631
-317 -734 -231 349 -138 631 268 -176 -863 -202 -317 268 573 631 -138 1024 -734 -973 582 -279 -281 -527 -176 631 349 -863 -202
268 -317 -317 573 349 -138 -138 -734 -176 -973 268 631 -734 -734 -734 -734 1024 349 631 -863 582 -279 -281 -202 -176 -527 -973
573 -176 -281 -527 -202 -863 -973 -281 582 -138 -231 -138 -527 -279 -176 -973 349 1024 631 268 631 -734 -863 349 -317 -138 573
-734 268 -863 -281 -527 -202 -279 -973 573 349 -138 -863 -202 -281 -863 582 631 631 1024 -734 -734 268 349 -138 -973 -317 -176
-176 582 -973 -202 -279 -527 -176 582 -973 631 -176 -279 -281 -527 349 -279 -863 268 -734 1024 -138 631 -317 573 268 -863 -202
582 573 -176 -863 -281 -281 -202 349 -734 -231 -863 -202 -973 -202 -279 -281 582 631 -734 -138 1024 268 631 -317 -176 573 349
-973 -279 268 -973 -176 573 349 -138 631 -734 -281 -527 -863 -176 -281 -527 -279 -734 268 631 268 1024 -138 631 -317 -176 582
-527 -973 582 -279 -863 -973 -281 -202 268 -176 -973 -281 -863 582 -973 -176 -281 -863 349 -317 631 -138 1024 268 631 -734 -138
-281 -863 573 -176 268 582 631 -231 349 -317 -202 573 -138 631 -202 631 -202 349 -138 573 -317 631 268 1024 -734 -138 -863
-202 -527 -527 582 -973 -279 -527 631 -138 573 -527 -973 268 349 -527 349 -176 -317 -973 268 -176 -317 631 -734 1024 631 268
-863 -202 -202 -527 582 349 -231 573 -231 268 582 349 631 -863 582 -863 -527 -138 -317 -863 573 -176 -734 -138 631 1024 268
-279 -281 -279 -317 631 -231 582 -279 -317 582 -279 582 -176 -973 631 -202 -973 573 -176 -202 349 582 -138 -863 268 268 1024
Ciphertext Vector:
71 104 148 113 146 116 35 65 97 59 165 114 111 105 155 117 69 121 47 60 121 129 0 0 0 0 0
