A = 
[29138593503780913754201943837657307143592234072196739580045635829827  6148431761662606111801006472981115705974813348883936048955056322021   255190688811745539262654019618923304966823278354790390377834572293  4635007429840614583671868285931671872308006527885785777738002146955   820388683419066202292816002168008697348901084338578845510959376989  8848648700947533848136318240422532714997718007513055917650647852209]
[20131661876369476364264493549146846625866311773479722000539276328885 10971569230648785536223358100132048040342140912892609767331181671773 12196400398422566044174421231718572202541358440368513874508701289385 20777590697412875911127557315404624547865714591197175417771988908211 18729913520771874874276301881450191669088202274882331954733618873452 31165493897964991179170526062539442385463582900761104192855946494042]
[19106738337961870383350609153365469961414527306674058101547883507359  6788814504409465940636915793831407195381283704996994829876327625471 25092425754137440857520835423049606971603671867355087146670459013365 22865458707540285908518508716089978575640002471141759113481532584230 16165751198208920754445225132454666793373453043071285759938056495831 31647863361110357286878068371524098856651937451812572832095640411942]
[ 2509262555685660513824640006814054289381799717610268653090956954744  4799808483212483319681248516457786307507844722123460502409435522963   688030148602238681316815300486805426663924729021026915290782902997 15212757068125133430071907773077907634928691122626951181124276125724 28248017570896743821525810663578144681918946912238304895017764923746  7392202655473070362511755842361409486381502000257816984084532953770]
[  674060948589374563296532559930663184304751378768469264137758384434  3381329125334227548623178044938675400703836995274946539226147438123 26322746669293687716308618078226278052473417739763553212400989662947 11112080935312197275983357665048225198591108354371073328945968065251 26784492536660217244414905522283754147708246817664274416015678313954  2393710578603433780983157725318494164463413897953654493862364144474]
[30121620689521178384747773204718128522467648735672968753722940372545 24012060216010889890112794166471853505541313396162211702710137419874 28204404787620956285148056927740515835946630768953280766291692614462  8390786776266309559204351042106287143828820014522750989935758029389  5589691711086132346267639936467855365187025764777209120789196218914  6069061474272034097071030636418398685167426885563338890223076260117]
B = 
[26757169742174486353717386573923876136076748056042756860883626304067 27396434821469610611792944975354242402132304593023079891686914310785  6250859799132618848444735074839741105337400247540312991892680983053 27499379409342831097189730195827531709954095934750283472399719363746 15177260758415632758291783963353722788439655736710809829029982637915 12184344014690658999789642881581930499761820798837461536407123700085]
[18354247885155640073027169955052745326365388570058713310061622270945  4614950194446246716509544042928152939656235445482820868703207592235   815505453872026251293840374522597527509916789080284708676809726137  5372763283812402396294419433852472897775430144195337424978701545423 20549812477412976539993173300571502328676998587533521415869840729454 32671834638183956935772195185420210720686207645862497590534660010084]
[23865783916108799525488829938106323706699349305591133069320361968890  9008439567345625502625082082739736305599307322047918255988828884102  1379391441111969735718637046408105000082130587806195986046752893123 19416370375171524285374545329447056074251138831521552949983610204259  4858397115363951406096462259699399493285131897740275893002850214494  9779818636426622153702977753007279465076332549329917100547498834650]
[ 3387329251365848891835333048746797881798374624737031875970941419803 13898077497927643713190239074927074821900136545851589632217347102717 30268164061373988274443032891146298085976573352678421224184724566246 18072427674138919379738507846427248347740392615002353670304549496813  2392082723406050121177867256658802657939578184986157117857395653150 31640636517367719806140756835112444409155639128761080279691379301886]
[ 3739989294775377642890322912719312693718746782129575461806663840695 26892045430886883035578566611572912696810053867158942029322920460223  7743292688830698450363890781955683502314733158101716202110129331494 28565513434169769714421607046346478549095943247028582629399157359420 25501918505284693974653934394656701801605788764168870513066614227035 12258842850424230103550132955954527470557282426344349654142732774103]
[25001931665375192860709391319367624829795591193433816419985734099454 17517613590801848895546637558617510647308107968839740063495628045716 15253185611858394595716250796191777202281383169257250126571416298754   497048004777611962273982319180934878115509822534520728418791229094 24947113989306530302945868686731519612247303758417755820534178745896  9711037028978425250846366443690323714832830881293437780660360769225]
u = 
[28879155726567049983454622837721881713004421469649633653126003880251 22074946600328057026240224251921516029989227864483537878311928528684 11985344636547053777186855301874485401032363227366605932898421631165 11038047153398875511855062921770308445072978178537727544345865556069 17913589562779438181451311229483343663752773108623377725718452883819  6988548052196701160389870027180255419046432117124570998462066223760]
[12442646139394994295898159421691536460921770233410583384741128805851 26791343238957883953511341730456926026845067572390616134588257575715 20044295739622127408570744416765049400182932494144906328843165683951  3716946288972247122675229801442487271330697050902983897960257015353 28203806658422488413821254734838742146597120966298092240011671950418  4762041594051527320517864505450207655232589320366293231953595725863]
[30088717492536940712495821833412730937575223939046572858904284613916 27041904353687235206996420047457376344449825180129098056224307456338 24437749819141358658247648214143755332360241994475937257542642573583  7796437298901905297245658644368499053223939852560146715778064632640 15614447029063100426172954288407641313530323021423668136405899310194  8922479681646925758338291598256040373376681973788891756406422763139]
[19322178296033807354940969679463195308540921806504252678149867173138 33097125072731086770607131468725547500825910975790412321782115869838 12883750093703623804432147375290510155697961091062129358847651674123 24597869343287697641622709721671426915780058312255624403180234192713 26537027184297668426345397663386813121592656652583736980586291216445 11617206120365401967915791192731000879817682674901777733903856797733]
[16710090447056060108731601191705411717377136736726300253063986063308 13112164116392985346393033303671764991807289870465207976284880921022 31389068001989884948885767386697332939461030078718007394707803846255 29908327338977214304615826417150579857655888232250984362081852839023 22583975168456327742148140296560922679546031771450762766874213823663 20255781234412108781956807555843619052915858233204195711555194680279]
[ 8639975336305093270106069074993623126891247360031281653825740040741 13403900498226599196478196563037659383351290165716358605156795361654 19127443140313962513371049800518743806366324348931149667137542330176  1587790520831406950292877253889772565635165863077419349924612463554 28260643245678615796033409984375030239968039321917236595612922928109 27245620107342379746895845516019185969531890676595911744377909557532]
v = 
[14593469507593520336534893606693100073219081551387449023943771554442  2283021458111487923710380205365151066104282754263745192237326490551 13170584523093998223191696419879547969801075848834311698387381471505 19259980148204759114097202057965316584985415828667111050145931544542 29885290219184042616179535742918968947354026457415023160998318453828 15123772566136939254700272466681741447495954560621338927076401710465]
[ 8217862512033149496876384094296269532452490863111766288591338421520 13729461020836068836298855334139849351346259147300854170266838049852 11104728330778098008854657250493837339864716593096275438194673593723 10798384644614928362418932155290042574495162355923347471159291144698 31877189181091302604647976237742181979760578672930582051196549136046  1918629350716436456009684853559872579413764560427000121836347921516]
[17260689732862422635435505221480922746751317064535215923993790192886 15747877220363614821162725299191209258209710570887630567232690904197  8617228034985901541131740069450254422228498135170302566742947957775 14253933715820016671570267997896238444667901637428211288460788838246 16499164346493998999442730191394982099986918128009049722691512093014 13025912772710188038104092079604197742726564877681113284285303849554]
[ 2573456644853874338239370492651477088261797251129609392543920453838 32896562598550390417662631073664427877599458467029721692315947839203 21609625125792777949315379171355985793236349536655762275501735276637  2064423690239912348059209794358643838603106021323566574579622769345 10416995935649914543433851087690149206442589809600595549054529630023 14743736977132006506906381861127077616280508458806441865058344748656]
[ 4225662325959455234970599933733361974460852167061568484358345163405 10702969665926869787857799410201005975577054702738405546384443139142  1359255767431309667828876308576650892896838633542052871017414741807 31671777458706492709787940377250078973397972903701973598970849268174 24125683246160911728533816896560068159204522435801109506125539244342  6566591950072749090239378195580530026605442552103644998279546358496]
[ 2340617144223968993993626239720251771746071020532956496851092249201 18464940637598472739277490361512029859881180718968424684424994902717 27460971987555371094455429952593747078655439217048574014441041685569  6667117338244005137290181664972559554258953283885089203943302963181 20312635823091168798778853401004417385080412291250382174823545520392 32296141232133239312731746201245526393343079356560448241095997297137]
ct1 = t22qVcUY/TYh9hwuASW/6PliQ03dLEWpOTqZHF82rQ/VqmqX7fj2l1YHzX7Cq0Sy
send me the flag
ct2 = 8t5wC5gsdXOG7vDvw+uStOT1P2ZhB2FGsr/lvNaBMX+FAZ9aVY4UMOk8neL3KcELjQ3F62aX/sxN4KexO/krK2mm/v10qYrKbLPXljdwvck=
