Here are some random numbers, now guess the flag
34
80
153
58
222
113
7
151
44
209
69
169
52
214
128
103
246
186
17
110
104
142
2
25
234
206
194
254
80
230
153
65
209
224
74
46
186
75
178
59
201
255
192
183
227
71
244
24
80
183
14
196
110
249
243
22
46
7
200
213
115
137
72
243
245
206
127
149
175
242
63
130
195
31
152
67
173
191
97
135
44
239
63
15
239
14
171
134
25
221
246
177
114
78
239
183
90
176
167
94
225
221
79
225
140
101
84
102
190
60
169
240
45
183
0
122
41
40
222
125
64
223
214
38
154
190
120
155
97
12
153
89
17
186
75
200
228
52
218
129
106
177
196
46
108
40
173
146
46
73
14
166
82
159
138
75
128
190
91
210
206
32
164
226
35
20
74
163
232
184
31
123
184
137
203
135
23
26
172
152
18
243
201
6
251
224
182
105
204
235
60
209
174
52
197
10
157
195
107
163
47
237
188
36
235
22
141
223
91
13
196
14
154
133
24
209
122
130
236
152
84
144
233
71
37
243
238
192
71
119
159
26
243
120
185
100
217
137
16
195
180
37
163
227
97
28
71
135
122
10
129
56
201
219
35
177
204
134
35
188
126
42
103
129
11
226
161
124
119
196
141
14
140
99
145
61
160
221
228
171
123
197
139
210
187
255
64
114
224
37
242
132
81
218
78
48
211
83
4
142
150
0
227
55
50
68
215
114
99
146
71
120
255
41
178
111
202
177
137
114
43
210
89
240
138
213
11
102
225
175
39
126
164
25
241
176
179
124
135
191
102
141
18
68
37
61
225
131
139
148
27
152
221
114
177
1
227
253
99
62
192
66
234
233
44
47
186
204
86
170
198
216
37
64
152
189
10
165
231
7
245
168
28
2
15
43
119
130
48
224
11
214
216
124
196
149
113
251
147
112
212
151
63
156
250
28
245
83
252
106
129
252
46
75
46
193
201
217
116
9
24
251
149
99
206
163
41
139
213
23
132
137
18
202
151
25
160
34
124
72
181
212
161
41
168
16
213
28
174
220
82
169
53
45
177
234
84
168
95
1
41
140
32
40
232
73
1
200
96
82
29
161
125
144
138
113
31
180
96
174
33
126
188
4
102
215
178
222
12
7
241
91
237
249
150
84
195
11
176
251
17
106
117
161
51
90
96
195
175
34
145
226
24
167
225
50
164
152
240
228
86
39
241
127
101
58
214
251
143
123
233
186
46
43
8
214
151
56
79
249
95
228
72
127
159
247
247
128
117
84
7
29
208
249
46
250
198
48
160
63
181
25
40
249
215
21
73
223
130
56
233
10
177
209
181
87
247
2
130
74
79
182
223
82
142
201
126
253
89
200
127
244
196
101
188
205
127
144
211
86
169
216
66
19
36
248
104
11
234
78
153
184
111
199
50
186
165
154
51
8
199
23
19
10
245
146
33
246
179
4
191
84
89
234
33
52
108
223
240
58
9
173
13
154
95
20
126
138
136
179
137
99
174
207
125
148
188
3
251
233
78
168
154
123
250
226
40
188
2
106
62
64
151
222
95
201
194
93
210
203
0
250
251
62
255
166
76
143
62
241
173
50
127
194
98
73
194
138
19
134
94
97
104
149
39
149
148
109
157
235
105
219
191
103
168
173
34
231
89
130
52
247
173
23
207
101
102
92
242
42
211
246
29
241
101
27
17
25
236
183
21
251
172
9
229
253
45
7
8
186
5
163
211
51
108
170
180
177
86
128
186
96
181
185
118
18
34
213
10
114
194
3
64
241
163
152
23
69
151
255
12
251
226
228
42
45
234
98
165
31
214
254
15
70
47
141
115
176
73
59
210
15
152
226
51
158
95
23
238
156
103
191
219
125
132
241
164
16
146
234
118
131
208
40
228
65
107
37
255
72
34
141
226
0
131
108
37
218
201
67
231
78
38
106
79
231
216
251
45
138
125
152
109
165
1
162
140
13
238
254
40
170
170
117
165
180
101
171
178
130
166
87
3
137
35
91
132
202
222
49
236
144
22
122
52
155
118
142
56
244
202
94
103
249
168
4
32
244
64
24
195
46
176
200
251
125
135
99
21
215
143
27
224
167
33
215
203
6
233
243
16
163
220
24
251
161
107
147
196
36
202
190
134
96
4
54
170
134
66
132
156
92
48
135
75
117
187
28
84
231
77
136
42
77
166
252
22
227
210
55
130
213
82
254
174
24
167
137
35
29
61
210
90
157
214
3
242
157
25
26
205
235
134
219
18
234
248
52
175
26
190
93
211
253
218
163
63
171
138
101
197
35
29
146
79
229
225
185
101
47
220
215
233
139
113
32
61
194
143
82
151
198
77
189
74
70
143
50
124
183
143
106
