939, 970, 986
63, 253, 310, 391, 432, 490, 542, 576, 643, 753, 805, 1082, 1118, 1168, 1244, 1261, 1351, 1539, 1563, 1595, 1639, 1783, 1794
14, 61, 67, 73, 116, 128, 168, 173, 212, 244, 293, 295, 345, 352, 357, 362, 447, 461, 569, 582, 641, 668, 672, 710, 741, 821, 886, 887, 972, 1008, 1032, 1116, 1123, 1222, 1239, 1253, 1364, 1389, 1420, 1422, 1456, 1461, 1500, 1685, 1743, 1753, 1771, 1803, 1820
679
68, 136, 484, 610, 705, 829, 860, 923, 1087, 1169, 1355, 1663, 1715
478, 836, 910, 935
1866
457, 458, 834, 835, 1175, 1176, 1482, 1483, 1878
267
946
108, 175, 265, 358, 456, 514, 594, 677, 783, 833, 897, 1047, 1174, 1291, 1393, 1481, 1570, 1691, 1877
5, 32, 78, 119, 180, 188, 194, 205, 215, 320, 330, 335, 343, 354, 375, 396, 415, 426, 475, 503, 507, 519, 557, 580, 608, 624, 650, 656, 690, 713, 718, 786, 801, 808, 851, 856, 874, 884, 900, 904, 961, 1079, 1101, 1120, 1145, 1178, 1189, 1195, 1213, 1218, 1266, 1316, 1319, 1334, 1396, 1426, 1438, 1454, 1512, 1546, 1551, 1554, 1573, 1601, 1612, 1636, 1673, 1694, 1737, 1779
933, 966, 1000
96, 103, 186, 229, 311, 325, 350, 392, 434, 450, 470, 577, 631, 633, 635, 716, 724, 919, 976, 1059, 1172, 1206, 1232, 1251, 1259, 1279, 1325, 1347, 1462, 1498, 1549, 1640, 1711, 1762, 1812, 1843, 1871
516, 994, 1293
17, 37, 38, 42, 85, 107, 112, 153, 164, 174, 183, 185, 191, 200, 204, 227, 239, 250, 251, 282, 326, 337, 346, 400, 408, 437, 455, 488, 509, 535, 565, 584, 588, 606, 629, 634, 663, 687, 695, 701, 735, 737, 743, 751, 794, 795, 803, 858, 867, 868, 880, 907, 951, 952, 964, 1011, 1039, 1065, 1125, 1134, 1137, 1153, 1164, 1165, 1173, 1186, 1191, 1203, 1210, 1284, 1322, 1352, 1377, 1378, 1385, 1392, 1407, 1435, 1444, 1445, 1457, 1480, 1488, 1492, 1504, 1516, 1520, 1534, 1637, 1648, 1668, 1754, 1764, 1816, 1847, 1855, 1876
1006
218
918, 936, 967, 968, 987, 1003
360, 785, 899, 928, 1395, 1572, 1693
12, 16, 24, 33, 64, 121, 303, 364, 377, 398, 420, 443, 513, 530, 574, 728, 734, 754, 782, 832, 863, 1037, 1220, 1270, 1298, 1416, 1439, 1493, 1522, 1583, 1690, 1748, 1835, 1868
19, 27, 50, 55, 87, 91, 100, 130, 155, 171, 234, 249, 258, 299, 316, 344, 349, 355, 361, 371, 433, 460, 491, 494, 499, 511, 544, 548, 562, 563, 567, 597, 604, 614, 617, 660, 661, 666, 671, 680, 715, 744, 757, 758, 765, 791, 806, 837, 911, 975, 1009, 1014, 1018, 1019, 1030, 1086, 1094, 1105, 1109, 1126, 1136, 1141, 1167, 1171, 1223, 1226, 1250, 1268, 1272, 1276, 1306, 1323, 1328, 1337, 1350, 1359, 1381, 1404, 1455, 1470, 1478, 1496, 1513, 1537, 1548, 1593, 1599, 1607, 1647, 1653, 1654, 1669, 1683, 1708, 1714, 1731, 1741, 1751, 1757, 1775, 1790, 1797, 1802, 1809, 1838, 1850, 1859, 1867
6, 8, 36, 41, 45, 47, 57, 60, 72, 79, 93, 105, 114, 120, 124, 127, 135, 137, 141, 148, 150, 159, 162, 181, 195, 199, 216, 221, 223, 225, 232, 237, 240, 241, 243, 255, 272, 306, 308, 321, 336, 338, 341, 367, 376, 381, 389, 397, 412, 416, 423, 438, 441, 454, 462, 472, 476, 483, 485, 523, 526, 534, 536, 552, 583, 589, 592, 600, 611, 621, 651, 669, 673, 682, 686, 691, 697, 704, 706, 709, 722, 725, 746, 750, 771, 773, 781, 787, 793, 798, 802, 814, 817, 825, 840, 846, 861, 871, 875, 877, 888, 895, 901, 908, 979, 1010, 1025, 1040, 1043, 1046, 1050, 1063, 1066, 1083, 1088, 1102, 1112, 1115, 1119, 1128, 1152, 1163, 1185, 1190, 1192, 1199, 1202, 1219, 1230, 1235, 1240, 1241, 1262, 1267, 1281, 1287, 1290, 1299, 1309, 1313, 1320, 1345, 1353, 1376, 1384, 1390, 1423, 1428, 1452, 1459, 1464, 1473, 1490, 1501, 1503, 1510, 1531, 1532, 1541, 1555, 1568, 1574, 1577, 1588, 1596, 1609, 1619, 1649, 1662, 1664, 1671, 1678, 1695, 1697, 1702, 1704, 1716, 1763, 1784, 1795, 1799, 1804, 1814, 1833, 1844, 1858, 1862, 1864, 1875
983
28, 40, 147, 220, 280, 386, 481, 525, 647, 655, 717, 762, 778, 870, 1071, 1078, 1201, 1248, 1338, 1374, 1525, 1550, 1604, 1632, 1676, 1720, 1727, 1785, 1792, 1852
20, 95, 156, 207, 383, 497, 549, 720, 764, 1158, 1205, 1307, 1346, 1405, 1521, 1530, 1557, 1618, 1709, 1724, 1729, 1796
3, 7, 13, 18, 21, 34, 43, 48, 52, 62, 65, 74, 86, 89, 98, 109, 117, 122, 129, 132, 139, 154, 157, 165, 169, 176, 184, 189, 192, 196, 203, 209, 213, 217, 226, 233, 238, 245, 256, 259, 266, 273, 283, 286, 290, 294, 304, 309, 315, 318, 322, 328, 333, 339, 347, 353, 359, 365, 368, 373, 378, 382, 390, 394, 399, 405, 413, 417, 421, 424, 430, 436, 444, 448, 465, 473, 477, 482, 489, 496, 501, 506, 515, 517, 527, 531, 539, 541, 547, 550, 555, 560, 566, 575, 579, 585, 587, 595, 607, 612, 615, 622, 627, 630, 638, 642, 648, 652, 658, 664, 667, 674, 678, 688, 692, 699, 702, 711, 719, 729, 738, 742, 752, 755, 763, 767, 769, 779, 784, 788, 796, 804, 809, 818, 822, 839, 847, 854, 859, 864, 872, 878, 881, 883, 890, 898, 902, 909, 1007, 1012, 1016, 1021, 1026, 1029, 1038, 1048, 1052, 1055, 1057, 1064, 1072, 1075, 1081, 1084, 1090, 1095, 1097, 1104, 1107, 1117, 1124, 1129, 1143, 1148, 1154, 1157, 1161, 1166, 1181, 1187, 1193, 1204, 1208, 1211, 1216, 1221, 1224, 1228, 1236, 1238, 1243, 1254, 1257, 1264, 1271, 1274, 1283, 1292, 1294, 1301, 1305, 1311, 1317, 1321, 1330, 1335, 1341, 1349, 1361, 1365, 1367, 1379, 1382, 1387, 1394, 1399, 1403, 1406, 1417, 1421, 1427, 1436, 1440, 1450, 1458, 1465, 1468, 1486, 1489, 1494, 1497, 1511, 1515, 1526, 1529, 1535, 1538, 1544, 1552, 1556, 1562, 1571, 1575, 1580, 1584, 1591, 1594, 1597, 1605, 1610, 1615, 1617, 1621, 1627, 1638, 1642, 1644, 1651, 1656, 1660, 1667, 1677, 1692, 1696, 1707, 1710, 1721, 1723, 1728, 1733, 1740, 1749, 1755, 1765, 1767, 1777, 1782, 1788, 1793, 1800, 1807, 1817, 1821, 1824, 1829, 1836, 1845, 1848, 1853, 1856, 1863, 1869
22, 58, 71, 84, 99, 133, 187, 236, 260, 263, 274, 302, 439, 442, 518, 545, 590, 620, 670, 727, 792, 800, 816, 823, 954, 996, 1045, 1098, 1108, 1111, 1194, 1246, 1275, 1285, 1289, 1302, 1315, 1340, 1342, 1413, 1441, 1447, 1469, 1645, 1657, 1699, 1713, 1756, 1808, 1837
978, 1177
2, 49, 70, 111, 131, 146, 151, 167, 211, 222, 235, 268, 281, 285, 292, 317, 370, 407, 428, 446, 464, 486, 524, 537, 571, 616, 632, 640, 646, 694, 726, 731, 740, 761, 777, 815, 820, 853, 889, 932, 945, 982, 989, 992, 995, 999, 1013, 1028, 1034, 1041, 1044, 1054, 1070, 1089, 1092, 1110, 1122, 1133, 1142, 1200, 1207, 1225, 1252, 1256, 1258, 1288, 1304, 1310, 1329, 1360, 1363, 1373, 1375, 1419, 1434, 1460, 1467, 1479, 1499, 1524, 1559, 1598, 1603, 1614, 1626, 1659, 1675, 1687, 1705, 1712, 1719, 1739, 1745, 1758, 1761, 1776, 1787, 1791, 1806, 1819, 1839, 1842, 1851, 1865
9, 15, 30, 39, 66, 69, 76, 81, 115, 142, 145, 166, 190, 198, 201, 210, 230, 262, 275, 278, 288, 291, 301, 331, 363, 379, 385, 419, 431, 445, 467, 480, 504, 520, 529, 540, 558, 572, 586, 609, 625, 636, 639, 693, 707, 730, 732, 739, 768, 774, 799, 811, 819, 826, 842, 866, 869, 882, 892, 906, 942, 1027, 1035, 1056, 1096, 1113, 1132, 1146, 1150, 1159, 1179, 1183, 1196, 1214, 1237, 1245, 1297, 1303, 1314, 1343, 1356, 1362, 1366, 1391, 1397, 1418, 1432, 1443, 1448, 1491, 1508, 1517, 1542, 1560, 1564, 1582, 1585, 1589, 1613, 1616, 1624, 1629, 1631, 1634, 1643, 1658, 1665, 1682, 1688, 1722, 1726, 1746, 1766, 1770, 1780, 1786, 1818, 1846, 1854
10, 23, 29, 46, 54, 88, 94, 106, 123, 138, 140, 143, 144, 163, 172, 182, 202, 224, 231, 261, 271, 289, 307, 324, 380, 384, 411, 440, 463, 471, 492, 493, 498, 512, 533, 568, 573, 591, 605, 644, 653, 698, 703, 714, 721, 766, 770, 790, 824, 838, 862, 876, 893, 896, 905, 912, 937, 940, 963, 980, 988, 1031, 1036, 1103, 1106, 1131, 1160, 1229, 1234, 1249, 1263, 1269, 1273, 1282, 1300, 1312, 1344, 1354, 1463, 1502, 1540, 1547, 1565, 1566, 1569, 1590, 1608, 1630, 1633, 1650, 1661, 1681, 1684, 1689, 1717, 1730, 1742, 1747, 1752, 1769, 1798, 1805, 1815
264, 369, 429, 546, 564, 759, 780, 894, 943, 1020, 1024, 1151, 1184, 1247, 1543, 1655, 1832
177, 197, 466, 596, 948, 958
228, 723, 1231
35, 75, 80, 101, 149, 242, 247, 276, 300, 340, 500, 528, 598, 681, 685, 745, 749, 843, 891, 1004, 1076, 1127, 1149, 1182, 1260, 1277, 1400, 1409, 1451, 1471, 1507, 1581, 1606, 1670, 1703, 1732, 1801, 1810
920, 925, 927, 934, 938, 947, 957, 965, 969, 973, 977, 985, 990, 993, 1001
83, 126, 178, 206, 219, 246, 252, 270, 279, 284, 296, 312, 387, 402, 406, 410, 427, 508, 570, 581, 602, 619, 628, 645, 654, 675, 684, 700, 736, 748, 760, 776, 813, 828, 830, 849, 852, 857, 879, 885, 1023, 1033, 1053, 1069, 1073, 1077, 1091, 1099, 1121, 1138, 1140, 1155, 1170, 1209, 1233, 1255, 1286, 1327, 1332, 1339, 1358, 1369, 1372, 1388, 1401, 1408, 1412, 1414, 1433, 1446, 1466, 1475, 1477, 1487, 1506, 1519, 1523, 1527, 1558, 1567, 1602, 1625, 1674, 1686, 1700, 1718, 1735, 1738, 1744, 1760, 1772, 1774, 1822, 1826, 1831, 1841
25, 31, 53, 90, 102, 179, 248, 277, 297, 409, 449, 468, 532, 599, 772, 789, 810, 844, 865, 903, 960, 1058, 1100, 1135, 1242, 1278, 1295, 1410, 1424, 1430, 1472, 1586, 1587, 1622, 1628, 1635, 1811, 1857, 1860, 1870
917, 974, 1049
924, 931, 941, 962, 981, 998, 1005
922, 926, 929, 950, 955, 971
1002
4, 26, 51, 56, 59, 77, 82, 104, 113, 118, 152, 160, 161, 193, 208, 214, 257, 269, 314, 319, 323, 327, 329, 332, 334, 342, 374, 393, 395, 401, 414, 425, 435, 469, 474, 487, 502, 505, 510, 538, 551, 554, 556, 559, 578, 593, 601, 603, 613, 618, 626, 649, 657, 659, 665, 676, 683, 689, 712, 747, 775, 797, 807, 812, 827, 831, 850, 855, 873, 913, 984, 1015, 1042, 1051, 1067, 1068, 1074, 1080, 1093, 1130, 1139, 1144, 1147, 1156, 1180, 1188, 1212, 1215, 1217, 1227, 1265, 1280, 1308, 1318, 1326, 1333, 1357, 1380, 1383, 1386, 1398, 1415, 1425, 1453, 1474, 1476, 1485, 1495, 1505, 1509, 1518, 1528, 1536, 1545, 1553, 1576, 1579, 1592, 1600, 1611, 1641, 1672, 1680, 1701, 1706, 1736, 1759, 1768, 1773, 1778, 1781, 1813, 1823, 1840
451, 452, 1060, 1061, 1872, 1873
916
459
921
11, 97, 125, 134, 158, 254, 298, 313, 351, 356, 388, 403, 404, 453, 479, 521, 522, 543, 561, 637, 662, 708, 733, 756, 845, 930, 949, 956, 1017, 1022, 1062, 1114, 1162, 1197, 1198, 1296, 1324, 1336, 1348, 1370, 1371, 1411, 1431, 1442, 1449, 1533, 1561, 1623, 1646, 1652, 1666, 1725, 1789, 1827, 1828, 1830, 1834, 1849, 1861, 1874
44, 92, 170, 287, 305, 348, 366, 372, 418, 422, 495, 623, 696, 848, 1085, 1331, 1368, 1437, 1514, 1620, 1734, 1750, 1825
1, 110, 914, 1484
944, 953, 959, 991, 997
553, 841, 1402, 1429, 1578, 1679, 1698
915
