60
54025603343196096 640065713366106880 54043196064792684 1154610357701165056 36030962187370528 1139094314385440 291621270414426594 68721542130 864154695629799487 1152929776726958080 2100
99079191803726946 685405175251730432 864691128857788620 48481590937114 72064295901331554 2278188498747490 291621272025039714 68722673178 24826704522379266 96758737667682 4194
198175853282990274 686236408861418303 919156536853382848 202644391259749570 72070791653688834 1294784894546477440 291622223905523298 144128382268996672 18120790167715842 808283879726134271 1166643409721491456
216058654098462914 685669064082207584 114894567106809048 1154610354971325190 576530875590127864 871446531168149248 291622232493444194 288247901705342146 583243010728263743 1168714228417422092 5730
198184990929852610 612493120638818736 919156536854472384 198580596119948482 576461197261168652 871446534389367168 291622095054491642 2251800619831290 18437451928403970 73750621854369378 22916
99092495464926306 685405181291803489 919719486807893708 198580596119804100 576514367211094796 880453733644132736 289946439333757026 288243782999474370 18437442466054146 73748200029783650 5634
49543962809573312 685101713289110334 56253211778088044 1153994610977260022 1296508385424015864 20099064067266812 1263226164613316803 216106744813845568 18440944340803578 73747478433299554 5730
0 10 2050 0 0 0 0 0 0 0 4098
0 36 1088 0 0 0 0 0 0 0 2052
