100011010000011001011101010011101111110001
100001100010111001110100101000001110100100
110100100110011001000100101010110101001100
101100100010100010100101010111010011100111
010100100111111100011101100111110110101101
010101001000000010110101001100010010111001
111110011100000001011101000110101110111111
000000101111001111010011101110010110111100
111101100110100001100001100111000001111011
111111000001111001101100101101010110101110
000100011011110101101111000100111010011111
100100110110001001011100011110011101011110
100110011010001011011011001001001001001101
101100110001111010100010111000011000001100
000111110001100000001010101001011101001100
011100010011100010010111000010000101000011
100101111000100010100100100001111110111010
011000010001000101000100111110000100011111
111111001010011010011001001111000000111011
111001010110001000000001101011100011111001
101010011111000111000110101011110111101110
001110111101000101000011010111011110100111
100101011101001001110110111011010001111001
000101011111111000110001110011110101101100
110111110010010000110010010110111001011111
000010001001100010000101101110111011000100
101110000100110011111100110101111110110000
011001001100010100100011110010110101011000
001001000010010000100101111011101110001101
111001100110100110100011101010101000110000
