9895257608525793168362389845628902285985444377453839117812158233120160362300672532695792680438878396298456828123924966217724176436632686888103153999249472707375426050469256231026071966788110318535037779314797806833009930390757623009011661785912329049206373090090589773206279477261440565895174331963962792559239659309238293258089454720397039707231070127034478593376342981536650704348893537846905760621231615108102393714905122870351385322152897444168225168056559087784157523741592026904609638367875668745595850082618894323148264944455655700677515440124103204861146257676590547651155626828635322867579094811964846886101
4
49027849573693202016831483632288631019808489156023569102048032150709765393653121181751127578575150457778413775376318751815435494031059936819766580971267297386871600535770171180352357436389146506250000

13875949052404491911414181895983637482846633228970540023452432562087682195756805219573210741137799237884043688791417306305818188870813790457320148044093590478187480631446643690866321314181010958511571228795017652179970526429438825651647765978827268148163927174313644593348926140682168968216291774998867471854783331380577210977623996418865097077663735040452220161573609941069034736063784264686818819258665441946012025040180171464198266220677946704235863025443292286333375087008651661638393602537786950686827284000344724857341145582649448857235097527426922197034644156867813692660895345624400574114897111307245570215331
4
172294788480927470854941781874710437286070659277780650071535516231337741361583941039937997353672134039446400936723729530991742022963920663063490276394464733091639231901339240204663904305031266487740176

17173668076327870561341456713254725332945393166352006866681501029710807474643802326438593181626085629191544445839854825589937364245306306407379417299342154203024999053119267863786270863185991573408830055023240021043710792058644769042766467514281030303810171257048900425160197815386680273335151504101936731320108322062502780323946374614542299449771736141158646752828397435662557323833373817527661075334489861151846923603483818283433294938989137117698279190500164437062776999170788757919754288322091850039814984040740059035684234423765992652270173232325213466410421080721335815507297646872785949532209525562224898146243
4
677831871783701532300897784585499208346719377566543225179380181054958185838154936591012995410783077665372697371202458854074017922665180990111835403525623367595128664831952569506063429779157648153610000

29102960216555469721742186085726724515270369126407916748962333051747952719562757006942622187005090009510981159790269378386024488280365984219708373479734488359524164933632237621425213606913796663951026783620821419610054632176843703513808400819519805787534848804732131597583343474167371539002171487221693823785783417784595844393518600668674143352296424470169980602829868295315522871631468359372430408137900260714725788177916266315696903732571682991591402373287837719959029688001690132162389810599954332304169349781630274780099257518534506424257290536375603912191076283252826983469244676222232391823523286279874816531511
4
442104635956911201445237929173038421237670513447070782150511516842120615382656806532997160958406917949667477698680382257208427441864625305871548894398420362570483654469118735945055186361557440004089616

14291581731560615906345972058636721566610155506869597642316861005785995727578165545241997779756203192502038324819969694111018323088903624204729006034053243856221856961038747171410124944404781540796316441734795314269580228113707572626543142457161877878307225327098615696023094896931071867509779825954251777097208700562267302955508077238016045706461062941174447021609384623309312219075822467442360359949248640658391646007267990427458751783216092649276041632916836112400824111153256168384233036552395971875683424530008866328351394288054738574689482532099621668184404068625596552553577298005605833085226848664246951238657
4
208416074011458815359664753626749463790735422599441321480653564429040950640365136844471589146247180088529855052135254372890849885517785120664349128530155607842310695910303648690921393421096578693605136

15980769421175368003584018869105881876128448629076574675007115842880594312749578258762235961792459466061641713434201526924805299026676052992441082786808935563028678766328308454696341972776624555258164617291206708566014465305995193847982698316908801995435679202804674560624756163486557688139703360039636809088548579155073476573195920171581026985443028814812286531618021274817039183782834201641199067124888658589162141961407023350112139488047664915927083496985949159974322604145428758733535452538919954184169185107564267313997856766890227591254839967964410798195935991402420860094590519348378172694370863118424289014781
4
43097075733033327872955838649700760895533188069931215495595742369602125696568131712037256069275400285342127391288617271366138195243625905149643010419843335974573632790451866558776765479383798749792016

29346059711339355621939635456753049761878496098086673787762451830585195481194336766652557965627622164610412420136997315742968902548743903261178182702650057989072315457128744142609414898786496147329099922961380875344611101822754951986025715910555761086783209012339796624918742435890872459596644488102676488342820781746569409732628176431849957082503500707150171233822544229900612546637897757384273068672215776403981111724010082031571621680523577316814421526909266088735777543540736065328246701346640424241477307555478535953562166865060573548729699883981869029128198406067260895844904149934118697749388320599999285688483
4
42648931432498309848790550073511988668503793367405699517792717647216412418840619795461160681798686301496002633124402829805296181228450228973221237896618391273895725055199200523563629292687823922415376

11470212877363211818431316657841078661483508720264627555841397055354088166700032677001172753279802359791273050159749958212493951879287232248360168828299033062581790631988741917443109179365813193765962531106699376491440097566978919576337861336571316057292215042286968646086115966123398827442357608369268345721562933066300103584939839156313726315311045183620147753947784216425223157602681144166530811877343541137260366067999305135642966975506173549704552694995126483995844051369450441777185002302856935358277401333089804800590204816770862612633440058121792180493658955501305557311009459305477896869006488611426000414051
4
481965502329098595360539010565594104677882278007474068794076117707092200904877074423087681580671187675934685954309184183049287834258225463510536612605752505360491892364875560937232807949510756694542096

16212255950188633299386387089428538509025020215187263627516220927033655129754412953205235815025520522778450499101669638939142664219939645395153527064262225337256048991702835332321245350399018277473627300771245239874818220680234336040613207313106284936879212144345338370127209479133754282534818800287990467781832772287996220023118229546603292609568090731363912629101980142917754973070775703654361089367033913013421083490654316116516137718885771412397316597991857603452600933319893591333474394007224043899809759719485569957430550428504554199810698909163017135347031564396061395964525854879562490424361106009576032976161
4
542322892323449706314008767659365421730210678018802279300778607873105141179524226240759989475173838143895700428306362378764603776208353740234551267390248232366090700222615028717717031651951745861420816

20863479434202789183082768276936245946531784999176061777113757623366486945199443696572592118869421789630740584712190625530914034978126630479923154747840455574518288676442273307927293216901132786339813180104128803341807970630568636172766783213674052776388250952261977760178720903613151399166205247416652824676181873360013540089730354423999901721565006334631005816966394211192355456449231869945481496717090525627560687084132134106226821801766010936690623454067648655721892843032950336525912762555217164316558413953933150111574076877814948987826057939227873086487758590637802180280611138996138174247483359331532962747323
4
254384274059814857532597716361652152797956716637819477554082844637328327150325146434181493800096470559856147819178685629308744171675950907901439616717325598350039391062552356319790875026380606771210000

24532538162557856471843721621916176225429137479456164754134549972132155413539270923843370727531685214037123057142210904734692530156510149478807672791255813464983478782356604294069702440062181586026304498068048517611740764683527848215679292559322536408075683119634623361477530150026261230097127964641526459734505410029332802771115460428104997063083813880262989353194958701789238195831719776056761274560743291631831590376170076433132970367296226981630743147719764977785984432364471673837374260797826945266065249407980011365133610022057370880381647114069999924007406902535744262249451095975046921863308733411227028437591
4
427805153486283677939544554277220342319051501552310107729426042604963589986982737667656537306146141250097075058549450168877991636262263028657996153605979428638398675461657386417801733171806283108386576

26238970123647322734654594417886759170277991134186132617381100041913389745026581634197614268824749503954231295838700253294800374586136728629325466937848973256542529048505652920862196814538972455033698385459341006990712027454144551392277176033752912177381372542078109474949999008559864838224865879033649469554437460976115183782035071274599156384341018366607066337133047760409877205056473883169516125225389098527204836700479792847281031283288073405951403711124667509360012721488832368994345823999609504072800180829381576665147358419162077513175586420313345902976954553272023987973023064393524401442073769555868674353171
4
723665991535034050981924757135105772783134255801198080784042178634101070904530099487682048232077660043626868352134475863493793725603374799769183268951246399405297214020567332803116973600744358763063056

11605741129827212988976209910665463251385386780100152849119600444255178137560257901562679178770653496675858630577444916346978372443044821794097304163370599534878338544909679058161365821682049948359477475027277392613946092537645112800130939355737373832805955463418406504684397522236212940333471158349420605383786104525214338147401189912251263197347489742879176158025747236743537523642267447187948955963953327006831523035811083865641743993233349884079487361486331625489725995762387368502181662740073109846845019310195208662012779274751282770410225487316943030515914952500856884201660543804471369742532135857426409727533
4
31874144632387131101376938678899511999580022648615622588608776896891726927047965909899965591931899518659763741401128030947828876620178291816485348175029012746223504737647659191912718836766160768010000

22802494636708987607084175042381170882233278241494152109636797415394935657086733447260390647818028900186731727086655500961579006695907451598573499414842203882755184365666991538668874078510221507085095543080921603718132462355687891356564226714970154601962946123123247072271030826957877826004937313416170892449845570509200644861876432663427511547255703484196933389749485107931943516816557136887734340520925526008530011336429590281374910701799687531650770846445205730866537223042382445319577183246276807638368769885204537185132553294472792285328434021084296348345291906624283965708630043901963805928246065832587649198497
4
29255681102229800222110290628862481132684253848101390681249317850315415212587988600809285725526910167412588379049106708942379908168226713514531726790786496084577371394130529853149864012840034359535376

23148272975449295957660140129461049926417646253366208406945268957416111433457588512311023043798655494881468049446747852074833367615590340684910160862978808033888980368269890671162010800729352664260298876213389024388395999423179344538429711130908047551275724868522114553647302895937526393684338420107743816780069887660834012057932153740998792680813423581776087817086288950792290147415474759374562326754661296191651081458661310596099828574143227097598487827976964580031628338621581272238107209948894155630781473348590029332734677086244069411598863004108468256297064773631418008566941582160212175661902125309167443036647
4
31496705108452701523119877517469860769924564376785927543640670642276774549972319756502585860649391800200745891648218545045756746784212024877106330308025632271859828077038788297894136821914554163210000

26563593004474147445496223187908018826117683495755945943556148642010456590504187702428178975015686644106147897029303650998524739350181863151749901448721394857400604860615909025142715153831814006079082149740632857004789054332520662547036569592923503320165798681034044385292150061637292189421875765278787786993523185439898075171547077031188173568333771272707463881856456233998442888592689522274032990039918698747745390137143090476479484292702640626444022208040599565794906583374551226070687584437288127360110702876269167838928941341468443552793257925923039463105623916472268290698575120983606247085987335486495141293557
4
83087341309937069302019938830353344095846424901058408227270470515834786141285556077373276652307876286015932398018054930270233554548854354782313058941675101447999611780690184371977729918386889548810000

13840262547744210825498057890697219506964555790583397640814739840521822286171953206445875570446282895131651342802786703040064602291680800188183071980506798031169669205189361050154378868882833073531778015316183189008582347371423343433849457804797084501436121553937965599866729589830035730635995553548790721087391318715870708318918396763694704079047486675563347207952813688606328144402891990489438881091106921617390307441008573434374437945224997624128939732665392195692553007313097146308361950262301692747192112325141970266751814455937508973771716071925152850936548953837798788788024056299398945061194299599682121383127
4
921843809106665273558422613067527278083742802406569278899634991606763393211346514011906063514749001624961197809128249174365442009226306685455700385365370444185865261722170921567155230675513418506250000

14734005575816645328728188001062230682430993169109177069059206011432844431500091160289584218159844256338498056028436803844685009684577417725647252011735238498485995037905523411858266533106861332426817801305524635291242900587528258996264856004021307966570095063529543289719432172755667431953400117653744182547859004960700360990756059785103421808053770124514341483394238311462930400166610354335199522046816224223823436102691694625385990548693723738159120163259811525608283006916903041811813358856192824194837243755046523181123410943230905828741708995799844952262341679465227454813590032330440820395762362178736082763067
4
125248681624368339689069548327074227798721711781622429424951318782909167917057034954319625935379802071386205016975900340573741145043169931997730212728980492716394312249355571208210807531640625

24108967612067162412532518285673472788164366984934721270332599152195546518371362470711152125423309361956682251842596291955238802650121329642300499871136754733898433845124061363537876973376370846528250248029963025672305573731838077834670279733361055986007417019533509645667610285811393366615455718317067920654081672623944941331561194249361685698654638077688319943550326958628076029540405564271821453598746488370118985304931365963063691435679394835897868209356407564390238318066964684274920256128592355170781570367237899307593254615599594900238550310656915073608174835016188114074329957946939463716645125362705217884743
4
501255272544617898209341385968438858036255653293025421051090223544065355384688437139298552478351240485226218089752567954279125083011052707667171144598174299390819294285765629227583539927513967956330256

10797950217593755052995432338193392914237235493044275716890516714851696160644651293376721231963302469366339930915940079113378556516886990048618958119726339567851035507590352871592784473560923654407778191839453338640067197251151344931648031670636966985846791090751389701856186237319334048875023756579914563035780301293051327409274161184736299822160266699644409392355687921130304599970195743604365572670922182902628175297421294370240066871578657523138259195257776333947714234273610566085069489244413412541066869042365661745215835434924304263470066851644968319954478447605947832094995177402216809914637652589292547063201
4
925576372995314788182635587286598291936187485019638974372522730458267330128305924027430811084365403549601347846780522263768625711431438602342923669282522403883448974423899713076111523458534033726539536

16637741799416199123517712570147840544436615013552734896947724432073899643418995149587999076140841162179229319926186431039637848542740636858260879903489122088088585481950958106948044428861762730777581955147228536507751048782960568894050181696052287830576544601375218436964709475343607536681762894262060872556300432269603382919302445697113904549842195987351404683745600662176974921068068547862264311339070866372743054181382375420856022491541838528694849049077478263801427589192139931505423585905604669236613390760171664604301152652010219399012697001042148346599562958802970923482740546278083756634842204389011218308333
4
927882814532348014916132913424257619735630209082391871368653532552757248676333351495034910521263844351243719376313660304867359508752879142667616302337944197533772371354682710898051967773666897383827216

24718695321115544605455586382634153807371118783787153304965196885095972969782551501263290563188421986007376009345168581988205648189337204044684953181309972172960766488056130920192403918094321196876338832519553337081139165838527509365173517204171506061377407574382701531041121537239813053346523299636431751588787114127588629910946744043228925411190477528006254846959558874068493999560083052427871406808486048069331140077358717342889896709141835713009407185407830267277406172528705957240208863469439106863475502036175463975701546339584122273010835317592398654399675505800535234877466426225114847054818288222720133456261
4
219329093573991184549119798336440969729674734200545536064376142002200575405763976106408521382284956318879004438055751116458297951218811764466289759893595948938691364038487320927374445354792184496613136

17501436094411912405269282045357304441889963719294147455963934251273980893031455848715097616087667764649491559172262943720300687366154781073802661423000773830835151325460646098867823684203967586738273544685136104360376647144177312592442931063289923734040251779201526570762560957209169776162348950642811390768056523905566875108367123206327674586990597585591664236199396844180116208828839178097529099431264116138008861746357821110562472384110499132623408495217015159490230714639507255373312750253942174499757307291615045111465527674966230007665045557339603665247549889756520624351637647919348412766368605587977518919633
4
111345091682144839567217844168373293822854821923640889028224285573254066036901506080604521015422269439478621584653124588980356856515834156017708926764975427421934384723359742361087862396682128906250000

13604698012159332034326955834867590361158495086566469237813726800531922558298363741690578776346315597203200278462754931694788980463676493647595634695207712195638708271349626398638941942383799613302706485521306863577631919058340583259756103021653874952981765091494930207546405693106690631304198844012432132122425619290879163189075187364096170274489495193230459132422789545771501443058654118140817967179085894814366189130307434506510143582232316285553790926738047487498358564428806653351193338875404988614166701300556624187549888961382515580767872046034334377400159305227579116913743265612454741435085584501734261469519
4
522165442464133944893427345753542625575693570062238230839210550699532758752251363767878867846405015477561672713386322650438965090534618010579206440619703840254994872694536047819099041975708477911156496

23258818719268136630942506350016800493932565403312265622407097613090424438654598070035757044363090742124961250043890394478709197270757079004864391934062496106330452645960354585421933520178212899941255035980412026983974682577906544559115726036481016045980873304047482510276369257023687648787351457498777917218428877778761249137175619649359987759461828766858617062183351916066768574644952285113053612124709420384653179200852649447879952041028323873028027545808074354110365119653604472318627675177686613779355614860080885239693184658177828921360709568971505590136818211086479171645696651386496815276418894251898382206973
4
649335406586496703622868762848682394210203583723962352651559121204438207657443747672442672640222451429775930208796511209407489928410447148271719064100325441068918460254934296337223340979526424357594896

13751030094454479370430283507411248555737846523884619963919992701599230593477803048955696275424118304559176877684995272566574136547205617540086968225721319266339735011823567954756867427425536060143128276360692568531839552695069907235050329716891220222732505805016756269584125448066947609549216429781164155190699018778255832139549310940688359273236294733006161002002631541018260026905842839353230451281040099591390135950583852045053085746538998833124192707168578991352140363814729604850037328959203655211884022212585212226105851854916667104322508657806672075589783148174742681194344647505730660365882322241107160424609
4
184896992248487145695964326602463024746225469405582642323481653261925053708025712726612660508897026017530024753355477043557226378663320455027462155641570034989357953392515661933894095127456843955753734866894461801407636805663524451993196664130886691851388341067957687397179694697429180818359970236746528593646741881846300458324384693841

25761719237596675853754818325092165742445074479669635657975299175419388194883923888218843996826052220438762021191050979430315489625739243033919983816883038303736799848847820087368667590321068680284332395212381597911331150994040828508313115730617524267976145807247295713519935663260923788175798617813071346996241765375730979392656630541302395746273167502478677170639663602400825429256563820512169519372118863105190432183923701377001202606665555918747455660602301701896794145692220001443722462368823099024172901364531676491204351468245959452493321844867846426346536481299111358012425026398498913983131570538738944316893
4
29012067516702075172305581408012952023179961450046661047035625071585233179372298670098863460280106528834052725575286119662662407813896519631113457519428022058282077233768734603388949818878760628586256

15264501372549999435084811728896706832961748595391530329800260306906358309989460569442771649720362440312228121309727436945788898041440080018761586875937359151008288535449012985870775251764535629203918343200760193806437142475400097714182503196326944095715275656882413136614565077462719908196640132931335990060573014493001276775857588111669298142865166609562580362311414701102432831618915334223878157060447794373588374680608973194988921134485360442455591345016960407618753650082467911930915427863175481486294043712373046469449125592684162221729481629615108995576517353566366432817312399634877712437145682026041875071811
4
652026179513323602234608540982940521985707876790647991818517922353400178296419278437781792593831557036495373445051398042663359061150899073887071918887318746160061275650748328291961984953128662092810000

12534251546684610631841127141297910955103008687627227436793043095998362619101926170730270788196021381131535330947319064783721977944368356626764874609017301852836645491727787560854129870512600782405196231763862196095788770464428240955070380912017871579926703563001499112546281991502092577281995764122308019103327494354450918864234313137791613783348870749548470162825074043662955768131212403581779145520372966533290584401307926242069805971246014041574144346862169811639217545340018332598881157176352905160947249727583536593343435932526595861421232400491399440944741284650502068364991464831449614850925898135961874136793
4
986284224903638744157083390153156331704867012675257689873190911603552866508299950000522471715379928126195156384113816378764982601207344542382180294319702261086188760586554386495092947531653515917960976

15182562309365687901569543121566045318023933060814667575493105265927009752373426137726977215782505315032881196229333681490795723200460441745850972470004591580767585996062368117520135247071770046120220020127906987202680790396597784981103831417291408208716731629837977084185802964513209370832758374434385480689098622637561844224477801110922138336552279012615096974989293434145928323860415201886038167173837064553699933339754250467671600892824006587176973625867676157761132323255638864415787400592844184218154639065921926570022734064022189197146521753837416143756443165295184372991526036342342309332095060712047285865661
4
94107620561321975876589195865868769988708960708568257526158956814191972848848467020670004845803424934907014543126128656693442099617242945838155988023988645842427232611411947919413404855834813185222416

11105784783631929602489969916465551415509148959432795641556764086076324482391278325445127464198631662329203689649422204940666894077748630919375501873432014439387999488303511879618481446436302812031828949814838178256555392228136887277660817932156961449038578391452947153080957460293510109820391174758866950700505726641365444065042355746603625439738248535362118728286083827576862127388340842354009180158067530381484855259856797267594264483773912634872660810850970153720922494665654273047946632265716448057763093777929222615639749112940073009760194450058222167346251052207949377513835260148586833965984109462571205970007
4
442799096466247336258135648542630468524404330156298804465388064420043171015104568661704157527300466913666938708976911961839776223732654374433334718232505157785221825264313253722983777127730248318068496

20400531537558701607573015258802408255471902238239433672349234261861208473792859953225379632084914555308055389887044190855841215373223518949455777191006679190431954942180306960352825969618506052620911292215243839429821260076402530502011382067026653317161204070121798157770086379019470034972735911672800188635150680845311581525009752236022429183040856065737245372728736608443034441547438330745681298088956489611433497893064263471686640133907360854781536050706718953228922557488413855221756088675502195249464616182476328251449585596040630396984995639992305077395420879511415299843927199650815441062495067412139206112309
4
866692165810630318639254533012248741479238457234436871243703460123107478219417827729919437590739973735038521553750809940257119399132829622864078854844693724960437993906563520545910356782799723176134416

20144676449790047278977296810870553691527476375801024550986812237481793106251913996634736274063714655721260076774725399065216110392905946443017749403331700342191664898281232509579432905054291840425556769852787007521325909543224000481154350792526422139171677809889490115804883440787003328211576882042629810010468381293634285508613012847290222957337295421071581484302998888930330820167213879160670557969760421463534992403078998415059209408465931195767272567388087549807079391883937025144360341828631416824742020622279385676581891076844241930029998450551659694537702067256603879068173841352724421591100466114163082921491
4
88896763031096620458165819252002265978227819226889838681498017745812567458722970083292565198550946510916221154242814432057442719578826965352044581699398469600280597351940804705136530803316629478410000

18375182093251636119784382599361232918880189073914631082748952947584620433172052878850575487799427675716721161173523313205902235953395355987603605082653408146877593276228268965199013162732337180228637289532442515551280716843416734888828991764040206317691207556247656775260777989331125052656507579340996199959339073465913563904410859351343161003137626938860455637266116537202437065162202715273472804648077086919278706011273794650216704060236527694050756309860956573444462336111791121365515985815446381303220362579095194345041379648330859714382668933001257672942516565550196025776675030299277975680106526431209249077513
4
928261248224457477863767105415961178329658829986224343853277703601733355933267955540236235982268106241045063785909797205978193031643042528157942871677999213884984204885331806942042085251816696463640336

8624883178478720888115417910164901226214610200499680354753399064908077036352002519430330144380167137602468749580786838424980041521673263506938211064741017431852556034028602627689460319325012819216330156933434918265536442929756429748306995257580805980846405801643258837364019301736329655952995623110723704633230954707364931743888588765856936836519185392642262853257408714606643861371446195882539282884283732943801833971832497633822564190524120983708061622838194062930425598309772676735083748827107041233553528766070435759570058020892366961336119729073868560056121092598060825499622506751886227750563472767290356214977
4
31990428258334321807931651467375904828320227425682773063618781556077105926863436062958639247112002780398715580851848656523448742082625912164836749213276275603756930249390808882183928100636907022083856

24493836381534979073062270843610007507001985150222059000973651082573852038328173307644956397423439342156928323376400746573609830123023615867089303989040113744516073516154631114815951894084346092461431527744314322692845571947202859510457107434257968042144273026883239623340697130824693939836881645952875343383049369339433895030117655169000982786386550611521772654407102329445028306083942656862475878729331559628304478530393739909793166724898723922746347314737588846566601758058029289394385904528532757019019773000535254484321916052992086631899286276041725413161990289063894296606976145003350597545985251842812634288489
4
48868844938316121320687301744950300014420296218616674044302931655038878123912517436126727078318920778363097769595834049906043344571223659263333140906679844941666353574183372137100099438679501818341136

25331850315745551956324968082952689754618921974195975786583662128073493249952791463062904144215029460086087840888329340952954826485504473260516154479059705058311883514410584887112698616053008224163358252874675760249317146331311831291783430122829646867514420494427457445948114344626446653750346669820429186466279688129977241507574910615077737019266629015639416113160541814406659180156583510583377467942045264129976006456716888298109536131269371950304818862148590760156912413440283493242413313147909828319190365672865265763200864457287142063515244751304089988701655889390595505188012649191466532971160799127086993253543
4
252593669183493788640839759665573073882798968897422540044027807389622429855988473602783949316160682011591894820682064753736894303506326706139657837565856715307061146523874132467009140003538178714085136

17382205959581328405691624441380804406646349237104616356498402598025956865536045382310538189842470083494195839532533546511565166699626021661081755077742556677242265961320610610738074653213704825791182389340305402100261995188452977356460709897486359566597816522736417125884739645601002184989877705995870825655543577381069042413025553565200774600245830961805995313018606221683458355324935887921990468600880282345895864890692107905075295665045182081840432698359730842754077576437153625134899668447958099271077174013620272991805791054520396822982208540186937729552098241416819624974766627189228238782031743286755758283711
4
428065509822988312541013707850732865925308017233272980491457741344272413942407777839396922257309252723668733453016793235371947702991543398297479178251265877219934034934792986300020470805243807202952976

12520891409915307384044505604680182959040907059831141579155673018588763667341201083240024027073475865886629240104026260187709724649906942687594014350408725774330790983452681714778500896355792962069622087940653076238707747451479560774907460574251589290766320566049646947406778982297149618013584681534885674267396873827126674676029055434458720399477775955780256534999589212926022077850231747136904648213625894721743375254433188362087486791471332848539530193676119480771356220827823456270352540700775134272832073997420892254404985652585170185368224752872608396810085613873306307160657245391413599247772736916565668869683
4
27266151914435349607876236979914278789102342667339570902605277627321825364204807662242426630503358695114587750426778610734353667153030035647898676747038301429499765370312096732444131628373265094158096

19393490923193660677095191694652650140392943273302792318326470123987575491637927932317675646466930936931654114203211881239683004408617864215584187024521155531426464758367975188581786707745769290939038131783222394662195845348707388416129792928970519152689060319007016471105115053992965410561733131290115275922921514233542418926964310083226877930609784500563462805404275780337602621864435068462574098011650372397616407450143873323004417315840582300768589632413819824200919195041348039842740647690415537603119963141977601349392978098919926442934024822623319029895860979580271012163153235185691372365321985291708074421841
4
154554208615361293962082170804461126947638970796952846664133859449222245585315192090418780071230918725403679913551108891482475415696758332194107622693101336302719280543656926606803177342331833823430416

21292349734020909693167539178290691003255311083983626518657177718650815748717729392419672086742590018504634751085430018251415302556551037417709881928356518961625748826926015440675655511617351969211986628689078501335577349527773669014825784212060906715755541812985300287309888500206765157304864676419301040007654676865108212257597398124254436168385511549968072209193215262912495989829093234744091058037719714652953154191504884508395873892583260177444579680587546220089004800712229624280976725405361360570909701992098458274027276615023725506017169842775989727900069048475276341169156621217365800441240175746367929327797
4
253184871018173357408600452410998570166811324196148583384740192832306478011305033181237399086775073977079323814956684143136220055952701111637162090560302272687618809116255617839494798449050690906965776

15799592084134744324010066787302189502109198299524144083707255964085980419846957188763840197556380197601467069400929045607695491723638740701347112257678065530095213835270445719208606920776380231221796857171504451799709056688122762781081600948149952278535979170806975042340724546017965319581830913128132076938703654641436699600225038232097960323109181445447746321890329981574162272083260196386869819066061912144503643938535265726662708962303578335754932870541474248060565698417166329651476492048654895382743628129217892812845718903157800695554704910158518967196568800008215757303486814792046420217471586919892720691799
4
118439085968105780916327351617277484934308641139472033950893244255309992502474080325387440956813404697218194350767020783132504804340172371806428510055074715056555477673504536555752795849570142860773136

23313565790650459327650019428211720197247464194960159037149366648692293637128444356916948634381494512607461222724751751909403185634484296468399644847519452449874402321986734378555534854276688359502164368552140305801868212854597352881328245310661540687064498324433670707310904976052744947678188892404129979793353843064284199421482779210203093825805041150964052274353277249444420856988776161240443598396987220240142920743770893378976935303823797215828240185207977572616546420474034284877123013063231784301325480604006657302420323960426117765092602612207078182895927479193271771852042962874675770240482217919109298015849
4
582322469844666210462276368518282668433381700714841076627553526094498287043017053482768131258850690869580671048850382097651353507452711658214035031585675769989695540011298178536588706141125654554699536

13951897662158463090000372594032564993770609713501377796537406934237786250208448215028749677560332584317708571333119581512356829291675347449126404688441004359035734433949944854312089231136450005812135818760566195075591767724529788381867706873682202157040584220768583542588982871329493761269682523285813604615784872005885367166606868886611778603164751079020937228862832361051309350334948718817559879602135234469887046879420162092407520769775612034328124474156090337454329256476579972768117456495320674188813282677703420725610724323341553247569069241895657504730923457600353842730716963670912477836637872209725636222931
4
625251635075795250655665548533980870309817492695397873357720862823875646575954997884624454576558285052562786952192654786178202442289532702763245333897931697989586127785799524297423066609826256104974096

11869933156954284452699153893055195703764240496946584040433553338467478935792016414048030851779798323533864921645022834014905557592186298523244306735082319078053691452986774262103497799557762418441311378590516336859608743782425057606323109092102058469813768798958803990081509806711550196760795154736041420527736361513419658335689361605303478328473117409021580639097448529479559300359400953651934347288656930622713819054316120889412712206606560747344049419438240734486724336224437530138697153691071530408777328609201096477743354611769249003901870430123883192538060093030142739564077005334886909122620015353291758004249
4
459843093211267545896866419373804041584154530415958442814565680810494687631215143916462765009346556635657662652301300339543599970271541368950905250298459734096288903389808215972515713235572373232387856

16830699870637545733732787136881864134622784508240832664054989523440600176698292619438154760581312345601565071120457433608059219757563110254626247808239284333520565459869752912080084958022830486537654823906385811321718457105809270757810729049344155348456902639502718514727382416432243731442956580947778191205751959259312211908095545649777850554875637820935280253272889497660822204799152042415626554461980354864097278628381321535679883381718541090632774590174988412504554418522442335027139335445083621046909711193197555822287434455688293458000698234196620619471573407338419128340292236073550914424354309610881365867517
4
699679064001594672187207704382113441200006754451325617661226360397407730491718873026824142589811580166310364953472091050380345344422180999814263198840795239304167375599461374167796787723776868261062416

22270877090873485726497447301056646379315924517958762773048638397372629501661862124834212625037733194153367859195163334624419451074642807745286985147306774037322927363785426476652823945178290589241850306881572211900562107904125508267646520624521468383972460823181643066215713420650028382037197182341633355835809047141713094963734599991245385907429654674244516374652464220696151478742763674394883611660349434221814678822308943675404621110577650758345105852466835126613233589789640914726993097565622368833305546823519888722707493742934970222818350971778949998274418480293074173303166962425698195243405303767665645504721
4
28976217861970859129708064908277202139882992028171962056587059703178631625787938415518406518931450639018180904902642176577270274113475406590223005278741384392087064965108106419615821973014097912129296

12602806331335447850379844907398090357654848853446990964253257414938428105808664781829007563158228169095078775987255634603832754845209127362498729985058740095855927355947356719835395774197228230111416794863117981244734214720100146274346098944982355359155168019979622832701912536272839180107978570243641386502092841344452399254784284839227168308095931345170596779367567784642772280488139180660009443763974764361872447996671891192267129719970544127601966896390622240484317080158572304977769278732650538778257183431166748272011694672233780793005452794331990178471378201361803684487383115455781882368893333691768327294473
4
302750496985022399014791824592096297555585410010896609008733780349931848367960864773640863083839764442642720747059258048413053004140283352171603653797201555521111948115627386560495698313357359378302736

11118566387686612795789197292234303246472407383789856350511670190606115815319801247562257996431419889634027530365238292367231885957068139807313849028073350851111932672528579027295092228847089437748582049066067521710800208765152809454339689061543823781354341274086477952345206196926561229070894954004862866732594554105521263307821259684830614194342814107909001816080523460490338089120134291059173375134676121770489385736311918739998021135752881600850804451725635515742392828214156085383454630948105650371611667151476330630979950371205323309122649585932200119896737629347432569197072351331888157026947750865718729702169
4
445174436701896664333289311145026667993371923360720212527746244430721635317339350327645452593023032284400243608010371771321667457924773447721227976768072911102037041845055394359584719581098678091851536

17136295483245028226866398631457701337586104701759760711724569623086413634632363463678745193215755554776129827818778007368474081508116271321675881766724452835128115416167109454239860339574260142252627004529934658230012671527670302428441614333128956620804793739932547008396963315543511182734477774600229252025748998853963457925851693390867322409421831432240800422486124029037440712584868748691216020796216102190968032398335442990424479653463767606249934980104488887968999090850454614335244998640441239224028949996881212179322758667646015827690798894769976888702470650504566329616401441433214125403619100580272068105679
4
833947528945707922338648120904470756843906621973913152324593666573682209658848958491973115785946298856743798538580609088906851994343148019588994219235934142365886245993986962955463749186122570931070736

14934959253342891337803338622794464992364869551611742742230226191440327131374839010414303980151255711549910948663081956410886813754458681443394008100533642004805581245417139074100921503835309212516646515341126189324467030710150081721470542602182828405086672831527941428992532008745433061234257123547853769765718219150297272287184071195336833174071492200369771204161236960306900051615073412084359875767775502216976023060062807338855025262531009968095948850715223927819258574618361102684557444275326635844234544236246550562880784342570552797284756429327453645267382921003315268657643932559997036306367291060234651348367
4
94416719123448068775174465418215577786696180117249194475906677363897032629938983049997337253561467821448190603466519998788087265083712475219269431812784043761640795149925362634485206939073877347362576

15222374963028237036659375222311576380950715221572034157201019332515863633082246216886329973688863864945600009128891712166802226085420310053274939097926774624882759145874681559287484714652236738557469127557300956624706242156197665802001940407814338668745849863696912644676958691473428206668091616363905333375926266399655368796449986661031381453890558021749130448156246862117086347434495589067203883634128119222103864685021016993776486292628423285051306210359350695291370513506347046382688547880911196013632621655962534695283043073130756122315256217345601167960569282144702530550929666170204226869155566865271722032711
4
755313685553525325609646776721395659608030810355052748656285309836347624374966370120456308867028286464688072952344775375931992606976040675065573125259473564707795104983049737817237863639573779588171536

23304394340222775266576916237491436976943318175913634653798719150824933082356613979138763631052494650339567322773920601094377060244916324899220357446089894762479391594335340961134359648791982914954732565461341441417974803564754113769428091577254121441863796921340919142253793199219861539293866915396055575983515928417418009392032771872380072422366581700913585934706669710679021057128763925979553632758013509394118535422822976193765407420050523408682943009901523230683856221774252842540147595589585263414404917170611219630387049826721189464208417642666874204806805112969370438253738422877764850624537233616967455602491
4
118236790603220597338286863576279780288168426649057687418443795332368076694211677082260037649822149333255356540127894300123678377372824263205211285943532695528512054461329149636275027110751368060430096

10067771051291610874972534529124081376670178144066332219898159329663432007160066309159770259891469065047511063246314019304286031053547371846859916868022338787668146041288900242273652909159387448928292995547582808590682297274452285315024792496078742109247313932290293196380174721200227187139068271610081246730201035252142650816518236922963026501823586421370782551672575349865368427815180939069436450612770981644094479260575346794627736867393097751087958556448381116261201261345753795142895523611265825867272433281089208840173157387102007561044460533234719129209822380755443125782951104724784036379961176521072848088667
4
446376051710812259068156778530249640828658236184908276827254969659881768575352017949623569362685611674600703061883144618952030360371417611220711304414443131591249158788213397752763245381125105422411536

25515218448532874486391297182025114535016097240131893494468005172399101281602858528748283158959528700692592352052515420601739608534888237462144289073093284505554124757532430951217521065675021623854605300955637850233056566483710614106317594942158574964645224419080086889762018608257232310890184663428158131592723628985933740650446386530938311537828605567194509375664323912251786510614683445676177911611014108716622570664316583421307195014312076463654891661930060584794239339912115954259766561014164956799251965111171044243092592271721483708687977431855923863873496263828681356560691949059340955140458375731586217661117
4
163108656161798564690203119067438731588653514681044362943327734875020321381355485517274203514273797665067899323333591095743826781557135069632312686973760275530698557390625980461841827893346369458456336

14179715612673739588907369522037235982948179719651080236306019985336253635483656932966009098349297701354402251929991774336232708953291899059248511861705977121423373295402473852201024153238016226515437314292018578819352904609829926452684686368777151891770789260204244062499899818024661567456950304550612354788527613536104186220904427553145425045251745298738135416495670303697912592318290019403811697057557362132256237355575432972174135671887221393722798323355193606269363879055443648627216711548828736493989797257272925082231217096464008545051421670803106046885565555402517070317696000634353596626123118753547058192101
4
779845017160444531486628796806939162658463581886128816326041844112241981562321202583562721292903126322901855870361102525607281440995676557536387532745089074663085934240871861011712859675598289304119056

15037529579687360861096387696366760797121686138020847511985324546620490707314884485302515069062431311870675455252150581715037426488992458312603876045036247869324680267802838509164842442082185070374090555135906508010263142300393487553860650608224430747311857856856536073085405153215655705120237926029776422115558004813906765886787243441237423191161812773613046591244049672405047954246049425752974088612997018343505216188062681620174025602086021417387654213694245656803351059862799297801633547670285095074312312534624008909932295882358226767586379751712434692265123244627532035273292463057036597394919922642211695547507
4
171680542724254089150724369075636860881561740639443447403991907144155043889456031184227042605537625708619190865538321595495754050771552489950588341254767905917106592421615121882232598897306466913601296

13429318136571852145145649411772491995332035293730226791251563560301809436776254817224615289443655170569736246470393909437556925322131303835353484836979951773463320270476900331307190257818047623952712925834888009156673785486596961309758468135925110107730363598538946152166857127804719928347657986687722906484485830771687328344892838668063970810268430714107514868174858412310311572137489165417257889449057032018101807656492665066046884558691042751221915774948607359726402125391345567795296366495183103950017877281952404893826385252866830903527304184990783022333007975894148881834118051727610738520081545675298240582993
4
49620546793711579782402639693377280522728526662509820457210884055445991049736319471760879817907638541914701296886947181962112393611224773708306316648797562964914200791382533487387764578519064974083856

