-9.366824265123669214e+40
-1.332149229726116706e+40
-2.103731903029413989e+41
-1.334912073880879451e+41
-7.394339305609198837e+40
-1.818766576192823520e+41
-1.443372413337053299e+41
-1.286041529959800850e+41
-8.823422018835656458e+40
-5.442694606008839164e+40
-9.990712965606243245e+40
-1.514934671154718217e+41
-2.595286385806127192e+40
-2.094421165112484543e+41
-4.714593164005907218e+40
-2.034648750476031385e+40
-9.821176278746879669e+40
-2.190456252527702271e+41
-1.446027179681002764e+41
-1.870554727587534835e+41
-1.229230512747700895e+41
-1.630285530150603220e+41
-6.429010285101508630e+39
-5.165747113409445923e+40
-5.961615146581363342e+40
-1.160904032220375424e+41
-9.437916283138816003e+40
-1.151476949047933367e+41
-4.333954322376034870e+39
-9.470806746239973243e+40
-1.211029088878195756e+41
-1.559179826564190900e+41
-2.604782019026566179e+40
-5.645454855025920298e+40
-2.955485400286637256e+40
-8.482168525619153490e+39
-1.832346381953341021e+41
2.134362473523305312e+39
-1.942934861957050440e+39
-1.747141386936809371e+41
-8.766565021173437911e+40
-2.577016385259505841e+40
-1.812773846542303599e+41
-2.969031139182841501e+40
-1.749802768012814212e+41
-1.691051036792160860e+41
-4.024226452624492729e+39
-1.566413439456889516e+41
-1.704363241135160987e+41
-4.985926199888602837e+40
