02c8 0065 0361 026a 0020 02c8 0065 0361 026a 0020 0073 02c8 0069 02d0 0020 02c8 0065
0361 026a 0020 0074 02c8 0069 02d0 0020 0074 02c8 0069 02d0 0020 02c8 0065 0361 026a
0020 0074 02c8 0069 02d0 0020 02c8 0065 0361 026a 0020 0074 02c8 0069 02d0 0020 0073
02c8 0069 02d0 0020 0074 02c8 0069 02d0 0020 02c8 0065 0361 026a 0020 02c8 0065 0361
026a 0020 0074 02c8 0069 02d0 0020 02c8 0065 0361 026a 0020 0074 02c8 0069 02d0 0020
0074 02c8 0069 02d0 0020 0073 02c8 0069 02d0 0020 0064 0361 0292 02c8 0069 02d0 0020
0064 0361 0292 02c8 0069 02d0 0020 0074 02c8 0069 02d0 0020 0064 0361 0292 02c8 0069
02d0 0020 0073 02c8 0069 02d0 0020 0074 02c8 0069 02d0 0020 0074 02c8 0069 02d0 0020
0074 02c8 0069 02d0 0020 0073 02c8 0069 02d0 0020 0074 02c8 0069 02d0 0020 0073 02c8
0069 02d0 0020 0074 02c8 0069 02d0 0020 0064 0361 0292 02c8 0069 02d0 0020 0073 02c8
0069 02d0 0020 0074 02c8 0069 02d0 0020 02c8 0065 0361 026a 0020 0074 02c8 0069 02d0
0020 0064 0361 0292 02c8 0069 02d0 0020 0064 0361 0292 02c8 0069 02d0 0020 0074 02c8
0069 02d0 0020 02c8 0065 0361 026a 0020 0064 0361 0292 02c8 0069 02d0 0020 0064 0361
0292 02c8 0069 02d0 0020 02c8 0065 0361 026a 0020 02c8 0065 0361 026a 0020 0073 02c8
0069 02d0 0020 0074 02c8 0069 02d0 0020 0064 0361 0292 02c8 0069 02d0 0020 0073 02c8
0069 02d0 0020 0073 02c8 0069 02d0 0020 0074 02c8 0069 02d0 0020 0074 02c8 0069 02d0
0020 0074 02c8 0069 02d0 0020 02c8 0065 0361 026a 0020 0064 0361 0292 02c8 0069 02d0
0020 0074 02c8 0069 02d0 0020 02c8 0065 0361 026a 0020 0074 02c8 0069 02d0 0020 0064
0361 0292 02c8 0069 02d0 0020 02c8 0065 0361 026a 0020 0074 02c8 0069 02d0 0020 0074
02c8 0069 02d0 0020 02c8 0065 0361 026a 0020 0074 02c8 0069 02d0 0020 02c8 0065 0361
026a 0020 02c8 0065 0361 026a 0020 0064 0361 0292 02c8 0069 02d0 0020 02c8 0065 0361
026a 0020 0074 02c8 0069 02d0 0020 0074 02c8 0069 02d0 0020 0064 0361 0292 02c8 0069
02d0 0020 0064 0361 0292 02c8 0069 02d0 0020 02c8 0065 0361 026a 0020 02c8 0065 0361
026a 0020 0073 02c8 0069 02d0 0020 0074 02c8 0069 02d0 0020 0064 0361 0292 02c8 0069
02d0 0020 0074 02c8 0069 02d0 0020 0073 02c8 0069 02d0 0020 02c8 0065 0361 026a 0020
0064 0361 0292 02c8 0069 02d0 0020 0064 0361 0292 02c8 0069 02d0 0020 02c8 0065 0361
026a 0020 0073 02c8 0069 02d0 0020 0073 02c8 0069 02d0 0020 0074 02c8 0069 02d0 0020
0064 0361 0292 02c8 0069 02d0 0020 0064 0361 0292 02c8 0069 02d0 0020 02c8 0065 0361
026a 0020 0074 02c8 0069 02d0 0020 0073 02c8 0069 02d0 0020 0074 02c8 0069 02d0 0020
02c8 0065 0361 026a 0020 0074 02c8 0069 02d0 0020 0064 0361 0292 02c8 0069 02d0 0020
0073 02c8 0069 02d0 0020 0074 02c8 0069 02d0 0020 02c8 0065 0361 026a 0020 0064 0361
0292 02c8 0069 02d0 0020 0064 0361 0292 02c8 0069 02d0 0020 02c8 0065 0361 026a 0020
0064 0361 0292 02c8 0069 02d0 0020 02c8 0065 0361 026a 0020 0074 02c8 0069 02d0 0020
0064 0361 0292 02c8 0069 02d0 0020 02c8 0065 0361 026a 0020 0073 02c8 0069 02d0 0020
0073 02c8 0069 02d0 0020 02c8 0065 0361 026a 0020 02c8 0065 0361 026a 0020 0073 02c8
0069 02d0 0020 0074 02c8 0069 02d0 0020 02c8 0065 0361 026a 0020 0074 02c8 0069 02d0
0020 02c8 0065 0361 026a 0020 0073 02c8 0069 02d0 0020 02c8 0065 0361 026a 0020 02c8
0065 0361 026a 0020 0074 02c8 0069 02d0 0020 0064 0361 0292 02c8 0069 02d0 0020 0074
02c8 0069 02d0 0020 0074 02c8 0069 02d0 0020 0064 0361 0292 02c8 0069 02d0 0020 0074
02c8 0069 02d0 0020 02c8 0065 0361 026a 0020 0064 0361 0292 02c8 0069 02d0 0020 0074
02c8 0069 02d0 0020 02c8 0065 0361 026a 0020 02c8 0065 0361 026a 0020 0073 02c8 0069
02d0 0020 0074 02c8 0069 02d0 0020 0064 0361 0292 02c8 0069 02d0 0020 0073 02c8 0069
02d0 0020 02c8 0065 0361 026a 0020 0073 02c8 0069 02d0 0020 02c8 0065 0361 026a 0020
0074 02c8 0069 02d0 0020 0064 0361 0292 02c8 0069 02d0 0020 0073 02c8 0069 02d0 0020
0074 02c8 0069 02d0 0020 0073 02c8 0069 02d0 0020 0074 02c8 0069 02d0 0020 02c8 0065
0361 026a 0020 02c8 0065 0361 026a 0020 0074 02c8 0069 02d0 0020 02c8 0065 0361 026a
0020 02c8 0065 0361 026a 0020 0074 02c8 0069 02d0 0020 0064 0361 0292 02c8 0069 02d0
0020 02c8 0065 0361 026a 0020 0074 02c8 0069 02d0 0020 0074 02c8 0069 02d0 0020 0074
02c8 0069 02d0 0020 0074 02c8 0069 02d0 0020 0073 02c8 0069 02d0 0020 0074 02c8 0069
02d0 0020 0074 02c8 0069 02d0 0020 0074 02c8 0069 02d0 0020 0074 02c8 0069 02d0 0020
0074 02c8 0069 02d0 0020 0074 02c8 0069 02d0 0020 0064 0361 0292 02c8 0069 02d0 0020
0074 02c8 0069 02d0 0020 0074 02c8 0069 02d0 0020 02c8 0065 0361 026a 0020 0074 02c8
0069 02d0 0020 0064 0361 0292 02c8 0069 02d0 0020 0073 02c8 0069 02d0 0020 0073 02c8
0069 02d0 0020 0073 02c8 0069 02d0 0020 0064 0361 0292 02c8 0069 02d0 0020 0074 02c8
0069 02d0 0020 0073 02c8 0069 02d0 0020 0074 02c8 0069 02d0 0020 0074 02c8 0069 02d0
0020 02c8 0065 0361 026a 0020 02c8 0065 0361 026a 0020 0074 02c8 0069 02d0 0020 02c8
0065 0361 026a 0020 0064 0361 0292 02c8 0069 02d0 0020 0064 0361 0292 02c8 0069 02d0
0020 0064 0361 0292 02c8 0069 02d0 0020 0064 0361 0292 02c8 0069 02d0 0020 0064 0361
0292 02c8 0069 02d0 0020 0064 0361 0292 02c8 0069 02d0 0020 0074 02c8 0069 02d0 0020
0074 02c8 0069 02d0 0020 0074 02c8 0069 02d0 0020 0064 0361 0292 02c8 0069 02d0 0020
0064 0361 0292 02c8 0069 02d0 0020 02c8 0065 0361 026a 0020 02c8 0065 0361 026a 0020
02c8 0065 0361 026a 0020 0074 02c8 0069 02d0 0020 0074 02c8 0069 02d0 0020 0064 0361
0292 02c8 0069 02d0 0020 02c8 0065 0361 026a 0020 0073 02c8 0069 02d0 0020 0074 02c8
0069 02d0 0020 0064 0361 0292 02c8 0069 02d0 0020 0064 0361 0292 02c8 0069 02d0 0020
0074 02c8 0069 02d0 0020 0074 02c8 0069 02d0 0020 0073 02c8 0069 02d0 0020 0073 02c8
0069 02d0 0020 02c8 0065 0361 026a 0020 0074 02c8 0069 02d0 0020 0074 02c8 0069 02d0
0020 02c8 0065 0361 026a 0020 0074 02c8 0069 02d0 0020 02c8 0065 0361 026a 0020 0074
02c8 0069 02d0 0020 02c8 0065 0361 026a 0020 0074 02c8 0069 02d0 0020 0074 02c8 0069
02d0 0020 0064 0361 0292 02c8 0069 02d0 0020 0064 0361 0292 02c8 0069 02d0 0020 02c8
0065 0361 026a 0020 0064 0361 0292 02c8 0069 02d0 0020 0073 02c8 0069 02d0 0020 0073
02c8 0069 02d0 0020 0073 02c8 0069 02d0 0020 0073 02c8 0069 02d0 0020 02c8 0065 0361
026a 0020 0064 0361 0292 02c8 0069 02d0 0020 02c8 0065 0361 026a 0020 0074 02c8 0069
02d0 0020 02c8 0065 0361 026a 0020 0074 02c8 0069 02d0 0020 0064 0361 0292 02c8 0069
02d0 0020 0064 0361 0292 02c8 0069 02d0 0020 0073 02c8 0069 02d0 0020 0074 02c8 0069
02d0 0020 0074 02c8 0069 02d0 0020 0074 02c8 0069 02d0 0020 0073 02c8 0069 02d0 0020
0073 02c8 0069 02d0 0020 0073 02c8 0069 02d0 0020 02c8 0065 0361 026a 0020 02c8 0065
0361 026a 0020 0064 0361 0292 02c8 0069 02d0 0020 0064 0361 0292 02c8 0069 02d0 0020
0073 02c8 0069 02d0 0020 0074 02c8 0069 02d0 0020 0074 02c8 0069 02d0 0020 02c8 0065
0361 026a 0020 02c8 0065 0361 026a 0020 0073 02c8 0069 02d0 0020 02c8 0065 0361 026a
0020 02c8 0065 0361 026a 0020 0074 02c8 0069 02d0 0020 02c8 0065 0361 026a 0020 0074
02c8 0069 02d0 0020 0074 02c8 0069 02d0 0020 02c8 0065 0361 026a 0020 0064 0361 0292
02c8 0069 02d0 0020 0074 02c8 0069 02d0 0020 0074 02c8 0069 02d0 0020 0074 02c8 0069
02d0 0020 0074 02c8 0069 02d0 0020 0074 02c8 0069 02d0 0020 0064 0361 0292 02c8 0069
02d0 0020 02c8 0065 0361 026a 0020 0074 02c8 0069 02d0 0020 0074 02c8 0069 02d0 0020
02c8 0065 0361 026a 0020 0073 02c8 0069 02d0 0020 0074 02c8 0069 02d0 0020 02c8 0065
0361 026a 0020 0073 02c8 0069 02d0 0020 0073 02c8 0069 02d0 0020 0073 02c8 0069 02d0
0020 0073 02c8 0069 02d0 0020 0073 02c8 0069 02d0 0020 02c8 0065 0361 026a 0020 0064
0361 0292 02c8 0069 02d0 0020 0073 02c8 0069 02d0 0020 0074 02c8 0069 02d0 0020 0073
02c8 0069 02d0 0020 0074 02c8 0069 02d0 0020 0064 0361 0292 02c8 0069 02d0 0020 0073
02c8 0069 02d0 0020 0074 02c8 0069 02d0 0020 0074 02c8 0069 02d0 0020 0074 02c8 0069
02d0 0020 0074 02c8 0069 02d0 0020 02c8 0065 0361 026a 0020 0073 02c8 0069 02d0 0020
0074 02c8 0069 02d0 0020 02c8 0065 0361 026a 0020 0074 02c8 0069 02d0 0020 0074 02c8
0069 02d0 0020 02c8 0065 0361 026a 0020 0064 0361 0292 02c8 0069 02d0 0020 0064 0361
0292 02c8 0069 02d0 0020 0064 0361 0292 02c8 0069 02d0 0020 0074 02c8 0069 02d0 0020
0073 02c8 0069 02d0 0020 0074 02c8 0069 02d0 0020 0074 02c8 0069 02d0 0020 0073 02c8
0069 02d0 0020 0074 02c8 0069 02d0 0020 0073 02c8 0069 02d0 0020 0074 02c8 0069 02d0
0020 0074 02c8 0069 02d0 0020 02c8 0065 0361 026a 0020 0074 02c8 0069 02d0 0020 02c8
0065 0361 026a 0020 0064 0361 0292 02c8 0069 02d0 0020 02c8 0065 0361 026a 0020 02c8
0065 0361 026a 0020 0073 02c8 0069 02d0 0020 02c8 0065 0361 026a 0020 02c8 0065 0361
026a 0020 0064 0361 0292 02c8 0069 02d0 0020 0064 0361 0292 02c8 0069 02d0 0020 02c8
0065 0361 026a 0020 0064 0361 0292 02c8 0069 02d0 0020 0073 02c8 0069 02d0 0020 02c8
0065 0361 026a 0020 0064 0361 0292 02c8 0069 02d0 0020 0064 0361 0292 02c8 0069 02d0
0020 0074 02c8 0069 02d0 0020 02c8 0065 0361 026a 0020 0073 02c8 0069 02d0 0020 0074
02c8 0069 02d0 0020 0064 0361 0292 02c8 0069 02d0 0020 0064 0361 0292 02c8 0069 02d0
0020 02c8 0065 0361 026a 0020 0074 02c8 0069 02d0 0020 0064 0361 0292 02c8 0069 02d0
0020 02c8 0065 0361 026a 0020 02c8 0065 0361 026a 0020 0073 02c8 0069 02d0 0020 02c8
0065 0361 026a 0020 02c8 0065 0361 026a 0020 0074 02c8 0069 02d0 0020 0074 02c8 0069
02d0 0020 0074 02c8 0069 02d0 0020 02c8 0065 0361 026a 0020 0074 02c8 0069 02d0 0020
0073 02c8 0069 02d0 0020 0073 02c8 0069 02d0 0020 0073 02c8 0069 02d0 0020 0073 02c8
0069 02d0 0020 0073 02c8 0069 02d0 0020 0073 02c8 0069 02d0 0020 0073 02c8 0069 02d0
0020 0074 02c8 0069 02d0 0020 02c8 0065 0361 026a 0020 02c8 0065 0361 026a 0020 0064
0361 0292 02c8 0069 02d0 0020 0073 02c8 0069 02d0 0020 0064 0361 0292 02c8 0069 02d0
0020 0073 02c8 0069 02d0 0020 02c8 0065 0361 026a 0020 02c8 0065 0361 026a 0020 0074
02c8 0069 02d0 0020 0074 02c8 0069 02d0 0020 0073 02c8 0069 02d0 0020 02c8 0065 0361
026a 0020 0064 0361 0292 02c8 0069 02d0 0020 0064 0361 0292 02c8 0069 02d0 0020 0073
02c8 0069 02d0 0020 0073 02c8 0069 02d0 0020 0073 02c8 0069 02d0 0020 02c8 0065 0361
026a 0020 0074 02c8 0069 02d0 0020 0074 02c8 0069 02d0 0020 0073 02c8 0069 02d0 0020
0073 02c8 0069 02d0 0020 0064 0361 0292 02c8 0069 02d0 0020 0064 0361 0292 02c8 0069
02d0 0020 0074 02c8 0069 02d0 0020 0064 0361 0292 02c8 0069 02d0 0020 0064 0361 0292
02c8 0069 02d0 0020 0074 02c8 0069 02d0 0020 0074 02c8 0069 02d0 0020 0073 02c8 0069
02d0 0020 02c8 0065 0361 026a 0020 0064 0361 0292 02c8 0069 02d0 0020 0074 02c8 0069
02d0 0020 02c8 0065 0361 026a 0020 0064 0361 0292 02c8 0069 02d0 0020 02c8 0065 0361
026a 0020 0074 02c8 0069 02d0 0020 02c8 0065 0361 026a 0020 0074 02c8 0069 02d0 0020
0064 0361 0292 02c8 0069 02d0 0020 0064 0361 0292 02c8 0069 02d0 0020 0073 02c8 0069
02d0 0020 0074 02c8 0069 02d0 0020 02c8 0065 0361 026a 0020 0074 02c8 0069 02d0 0020
02c8 0065 0361 026a 0020 0074 02c8 0069 02d0 0020 0074 02c8 0069 02d0 0020 0074 02c8
0069 02d0 0020 02c8 0065 0361 026a 0020 0064 0361 0292 02c8 0069 02d0 0020 0074 02c8
0069 02d0 0020 0074 02c8 0069 02d0 0020 0074 02c8 0069 02d0 0020 0064 0361 0292 02c8
0069 02d0 0020 0073 02c8 0069 02d0 0020 02c8 0065 0361 026a 0020 0074 02c8 0069 02d0
0020 0073 02c8 0069 02d0 0020 0074 02c8 0069 02d0 0020 0064 0361 0292 02c8 0069 02d0
0020 0064 0361 0292 02c8 0069 02d0 0020 0073 02c8 0069 02d0 0020 02c8 0065 0361 026a
0020 0064 0361 0292 02c8 0069 02d0 0020 0064 0361 0292 02c8 0069 02d0 0020 0064 0361
0292 02c8 0069 02d0 0020 0064 0361 0292 02c8 0069 02d0 0020 0073 02c8 0069 02d0 0020
0073 02c8 0069 02d0 0020 0074 02c8 0069 02d0 0020 0073 02c8 0069 02d0 0020 0073 02c8
0069 02d0 0020 0074 02c8 0069 02d0 0020 0073 02c8 0069 02d0 0020 02c8 0065 0361 026a
0020 02c8 0065 0361 026a 0020 0074 02c8 0069 02d0 0020 02c8 0065 0361 026a 0020 02c8
0065 0361 026a 0020 0074 02c8 0069 02d0 0020 0064 0361 0292 02c8 0069 02d0 0020 0064
0361 0292 02c8 0069 02d0 0020 0064 0361 0292 02c8 0069 02d0 0020 02c8 0065 0361 026a
0020 0064 0361 0292 02c8 0069 02d0 0020 0073 02c8 0069 02d0 0020 0074 02c8 0069 02d0
0020 02c8 0065 0361 026a 0020 0074 02c8 0069 02d0 0020 02c8 0065 0361 026a 0020 02c8
0065 0361 026a 0020 02c8 0065 0361 026a 0020 0074 02c8 0069 02d0 0020 0074 02c8 0069
02d0 0020 0074 02c8 0069 02d0 0020 0074 02c8 0069 02d0 0020 02c8 0065 0361 026a 0020
0074 02c8 0069 02d0 0020 0073 02c8 0069 02d0 0020 02c8 0065 0361 026a 0020 0073 02c8
0069 02d0 0020 0074 02c8 0069 02d0 0020 02c8 0065 0361 026a 0020 0073 02c8 0069 02d0
0020 0073 02c8 0069 02d0 0020 02c8 0065 0361 026a 0020 0074 02c8 0069 02d0 0020 02c8
0065 0361 026a 0020 0074 02c8 0069 02d0 0020 0074 02c8 0069 02d0 0020 02c8 0065 0361
026a 0020 02c8 0065 0361 026a 0020 02c8 0065 0361 026a 0020 0074 02c8 0069 02d0 0020
02c8 0065 0361 026a 0020 0074 02c8 0069 02d0 0020 0064 0361 0292 02c8 0069 02d0 0020
02c8 0065 0361 026a 0020 0064 0361 0292 02c8 0069 02d0 0020 0064 0361 0292 02c8 0069
02d0 0020 0064 02b2 0069 0066 02b2 02c8 0069 0073 0020 0064 02b2 0069 0066 02b2 02c8
0069 0073 0020 0064 02b2 0069 0066 02b2 02c8 0069 0073 0020 0064 0361 0292 02c8 0069
02d0 0020 0073 02c8 0069 02d0 0020 0073 02c8 0069 02d0 0020 0073 02c8 0069 02d0 0020
0073 02c8 0069 02d0 0020 0073 02c8 0069 02d0 0020 0064 0361 0292 02c8 0069 02d0 0020
0064 0361 0292 02c8 0069 02d0 0020 02c8 0065 0361 026a 0020 02c8 0065 0361 026a 0020
0074 02c8 0069 02d0 0020 0064 0361 0292 02c8 0069 02d0 0020 02c8 0065 0361 026a 0020
0073 02c8 0069 02d0 0020 0074 02c8 0069 02d0 0020 02c8 0065 0361 026a 0020 0074 02c8
0069 02d0 0020 0064 0361 0292 02c8 0069 02d0 0020 0064 0361 0292 02c8 0069 02d0 0020
02c8 0065 0361 026a 0020 0074 02c8 0069 02d0 0020 02c8 0065 0361 026a 0020 02c8 0065
0361 026a 0020 02c8 0065 0361 026a 0020 02c8 0065 0361 026a 0020 0074 02c8 0069 02d0
0020 02c8 0065 0361 026a 0020 0073 02c8 0069 02d0 0020 0073 02c8 0069 02d0 0020 0074
02c8 0069 02d0 0020 0073 02c8 0069 02d0 0020 0074 02c8 0069 02d0 0020 02c8 0065 0361
026a 0020 0074 02c8 0069 02d0 0020 0074 02c8 0069 02d0 0020 0073 02c8 0069 02d0 0020
0064 0361 0292 02c8 0069 02d0 0020 0074 02c8 0069 02d0 0020 02c8 0065 0361 026a 0020
0074 02c8 0069 02d0 0020 0064 0361 0292 02c8 0069 02d0 0020 02c8 0065 0361 026a 0020
0074 02c8 0069 02d0 0020 0073 02c8 0069 02d0 0020 0073 02c8 0069 02d0 0020 0064 0361
0292 02c8 0069 02d0 0020 0074 02c8 0069 02d0 0020 02c8 0065 0361 026a 0020 0073 02c8
0069 02d0 0020 0074 02c8 0069 02d0 0020 0064 0361 0292 02c8 0069 02d0 0020 0064 0361
0292 02c8 0069 02d0 0020 0074 02c8 0069 02d0 0020 02c8 0065 0361 026a 0020 02c8 0065
0361 026a 0020 0073 02c8 0069 02d0 0020 02c8 0065 0361 026a 0020 0064 0361 0292 02c8
0069 02d0 0020 0073 02c8 0069 02d0 0020 02c8 0065 0361 026a 0020 02c8 0065 0361 026a
0020 0074 02c8 0069 02d0 0020 02c8 0065 0361 026a 0020 0074 02c8 0069 02d0 0020 0074
02c8 0069 02d0 0020 02c8 0065 0361 026a 0020 0074 02c8 0069 02d0 0020 0074 02c8 0069
02d0 0020 0064 0361 0292 02c8 0069 02d0 0020 0074 02c8 0069 02d0 0020 0074 02c8 0069
02d0 0020 02c8 0065 0361 026a 0020 0074 02c8 0069 02d0 0020 0074 02c8 0069 02d0 0020
02c8 0065 0361 026a 0020 0074 02c8 0069 02d0 0020 0073 02c8 0069 02d0 0020 0074 02c8
0069 02d0 0020 0074 02c8 0069 02d0 0020 0074 02c8 0069 02d0 0020 02c8 0065 0361 026a
0020 0073 02c8 0069 02d0 0020 0073 02c8 0069 02d0 0020 0074 02c8 0069 02d0 0020 0064
0361 0292 02c8 0069 02d0 0020 0074 02c8 0069 02d0 0020 0073 02c8 0069 02d0 0020 0074
02c8 0069 02d0 0020 0074 02c8 0069 02d0 0020 0064 0361 0292 02c8 0069 02d0 0020 0064
0361 0292 02c8 0069 02d0 0020 0073 02c8 0069 02d0 0020 0074 02c8 0069 02d0 0020 0064
0361 0292 02c8 0069 02d0 0020 0064 0361 0292 02c8 0069 02d0 0020 0064 0361 0292 02c8
0069 02d0 0020 0064 0361 0292 02c8 0069 02d0 0020 0073 02c8 0069 02d0 0020 0074 02c8
0069 02d0 0020 02c8 0065 0361 026a 0020 0074 02c8 0069 02d0 0020 0074 02c8 0069 02d0
0020 02c8 0065 0361 026a 0020 0073 02c8 0069 02d0 0020 02c8 0065 0361 026a 0020 02c8
0065 0361 026a 0020 0074 02c8 0069 02d0 0020 0064 0361 0292 02c8 0069 02d0 0020 0074
02c8 0069 02d0 0020 0074 02c8 0069 02d0 0020 02c8 0065 0361 026a 0020 0074 02c8 0069
02d0 0020 0074 02c8 0069 02d0 0020 02c8 0065 0361 026a 0020 02c8 0065 0361 026a 0020
0073 02c8 0069 02d0 0020 0073 02c8 0069 02d0 0020 0064 0361 0292 02c8 0069 02d0 0020
02c8 0065 0361 026a 0020 0073 02c8 0069 02d0 0020 02c8 0065 0361 026a 0020 0064 0361
0292 02c8 0069 02d0 0020 02c8 0065 0361 026a 0020 02c8 0065 0361 026a 0020 02c8 0065
0361 026a 0020 0073 02c8 0069 02d0 0020 0074 02c8 0069 02d0 0020 0074 02c8 0069 02d0
0020 0074 02c8 0069 02d0 0020 02c8 0065 0361 026a 0020 02c8 0065 0361 026a 0020 0074
02c8 0069 02d0 0020 02c8 0065 0361 026a 0020 0073 02c8 0069 02d0 0020 02c8 0065 0361
026a 0020 0074 02c8 0069 02d0 0020 0073 02c8 0069 02d0 0020 0073 02c8 0069 02d0 0020
0074 02c8 0069 02d0 0020 0074 02c8 0069 02d0 0020 0073 02c8 0069 02d0 0020 0074 02c8
0069 02d0 0020 0074 02c8 0069 02d0 0020 0074 02c8 0069 02d0 0020 0064 0361 0292 02c8
0069 02d0 0020 02c8 0065 0361 026a 0020 0073 02c8 0069 02d0 0020 0073 02c8 0069 02d0
0020 0073 02c8 0069 02d0 0020 0074 02c8 0069 02d0 0020 0064 0361 0292 02c8 0069 02d0
0020 0073 02c8 0069 02d0 0020 0074 02c8 0069 02d0 0020 0064 0361 0292 02c8 0069 02d0
0020 0064 0361 0292 02c8 0069 02d0 0020 02c8 0065 0361 026a 0020 0064 0361 0292 02c8
0069 02d0 0020 0064 0361 0292 02c8 0069 02d0 0020 02c8 0065 0361 026a 0020 0064 0361
0292 02c8 0069 02d0 0020 0064 0361 0292 02c8 0069 02d0 0020 02c8 0065 0361 026a 0020
0064 0361 0292 02c8 0069 02d0 0020 02c8 0065 0361 026a 0020 0074 02c8 0069 02d0 0020
0073 02c8 0069 02d0 0020 0073 02c8 0069 02d0 0020 02c8 0065 0361 026a 0020 02c8 0065
0361 026a 0020 0074 02c8 0069 02d0 0020 0074 02c8 0069 02d0 0020 0074 02c8 0069 02d0
0020 0074 02c8 0069 02d0 0020 02c8 0065 0361 026a 0020 0074 02c8 0069 02d0 0020 0074
02c8 0069 02d0 0020 0074 02c8 0069 02d0 0020 0073 02c8 0069 02d0 0020 02c8 0065 0361
026a 0020 0064 0361 0292 02c8 0069 02d0 0020 0073 02c8 0069 02d0 0020 02c8 0065 0361
026a 0020 0074 02c8 0069 02d0 0020 0073 02c8 0069 02d0
