(18538567231722685945797090783936295118823595361506914721726634489965878792092, 9534500652632125634641876250092080183022575098656254339710484313801309472341)
(40044335674682415732639880026587948909196723753135121574060780874843579410557, 76755192691649792821295616424843334044612875347700299959188607327429110569741)
(2354723963412226581169794277209672044088677508387496233761833060810264808231, 5551814301579042319401049594982676781614581827314369121943697647500899474585)
(14093923028246393297069042751983458176109781481046947646639026276847250726706, 5966017748063940832254730003836052881852251005352472060682280217053032195300)
(4014765488361029504603813500011952364985952600385248394691633390934121671638, 43702163923447954902581376740902009790945099624966271668886069327224057509197)
(33320362558911096263218285582752153454035706900512140217061134612279280605530, 55621822855942828900530370711412325355228953261548439732516443961531185672785)
(25160615972298537371673601850415528212191506841772438416323832922823918992227, 47838286666519542737986196417534649038701562822516156929692625820411124736822)
(67721441286907686310143244051075422954425087819878628785916761447408774584610, 67982686215688928646989388928814155324855633145598362679304573976166564738098)
(24661179247566534781699006791985721659287829094731174001544218540965635242424, 41011417955752087480149446286867692645860955541134878271531648518816810638373)
(47825677733740373715626546697162261646224585180632889561648544717783870069773, 47397061912116791076055610725360612986492233424852629013617141397873508135961)
(56214875726675855773849633789547793285928866507786116870553159594456424132929, 73787143038855400899435998884004416911690611257527586287850912648034316749374)
(66090293157110548354823579640523712717496617810652122101402179294476896865163, 26048601001607455761235719651296992553246571102644863095804242708580979881608)
(46910704853715119271638553031970231889568517262792480450420926279068345986271, 39543512796296412664033164341732081379003276801490586137252212511203868006554)
(43034089872458231114272691108307410824083767874322135932939953165817406850602, 70889206719142775720065482040705094267113253214859027608980507917778769957802)
(49709542769456331944923513326975032411263533977242095848438289028572643203475, 14819725718698091260168544912180055472396277986076910924440970372186252693523)
(17764504015651672846684285092864690099217722428895504734442699959347212362037, 30779217842704892252035433779617527921162461631960501087609900998923135679130)
(21272382615812322008384551095993338983724664215044648211287586348066520680680, 76234915224008564080339245480384629164844938101293210735761572964852490657975)
(44328884017702092473987937364445697471806015364781147510625199931394522728808, 33906721853286250970929437613890497457945785213637484981974847684609039591314)
5c9d830f422288b4a9a37dc6b1cf68bfb7ee1acadb428d9fee6b17a8b8cbc5e7d871314bf090e4faa083d68162414b72992a60119ceb9c67f928d224f44f14c5
bf549fa30bef66988268f357e1014c8d