[[60029664252, 77430302898],
 [15943096225, 44272576584],
 [43882438899, 25860934381],
 [45707102097, 19060770240],
 [53961494066, 81356527414],
 [56819011468, 22420772185, 53659850846],
 [47845332063, 30101576935],
 [51070853792, 67492173007],
 [97258814159, 97258814159, 36807702096],
 [40453381104, 40453381104],
 [36453914058, 36077720734],
 [71598138119, 11464903727, 11464903727],
 [68139216229, 23015293538],
 [23015293538, 23015293538, 12308346721],
 [56051149211, 73610703707],
 [13328865959, 13328865959],
 [64629760812, 56806479193],
 [27070234714, 27070234714, 23638082617],
 [34915908530, 68473455195],
 [91180451244, 98830656733],
 [26713011332, 53151055547],
 [17078306122, 86366184027],
 [44714759147, 94268773046, 83415172230],
 [18064174389, 18064174389, 62670218584],
 [52525862442, 52525862442, 24846606132],
 [28492303376, 62129628069],
 [27626360025, 27626360025, 29993648246],
 [92094554215, 48851051756],
 [30186486798, 31292042830],
 [86398687617, 45559946108, 85122158250]]
