a = 
[ 7438990672506171962229953039732043872296133243241284337757143437971  5908789919315683911934002246711242097556001082151324070510964188629   821377081169549532467637447596076223210515297635890901086729923313  8803689112821400567694559031419901653192500860623106299971487002773 18612975347222062032390601729988488582163325285065232353911648213496 28406415395368061679599027919943782204930529636321409910366075254914]
[23030339234031276552371460849096733391956507787097942340730822567899  2806456362262124176231332899673279143879149767093309750789173579717  2444120197523056286205749542083088031942425729246534842180679293051 31777746489654830141280110796153336536456891579494976087750480508881  3135461709604734633174324618217609786257832886969827761799685700297 29150213556275906428737094372415762776161562249515931809149160979462]
[17811710321991401418887384477112708777554347967312167056231822486458 16175313598271410645419867063704440051893872039312165918491849609121 19484833575660036922281798450151761251888042554456008122738616237566  6399339063832623132521066566841418341729515675888662370492430783512 32965756883728415906453172612933516889443811185419762074179164197728 26876920919574460425312516480761305560419145040867232436335341953931]
[18905938652965757389709522711431812720190470549742246985133281958758 32355951097020136622658259135740028542772526287257507861244879064817  8143637413177425637015808154683571140099612302407020234581109069110 19274081905556571775557401722206326587273549654982963263472874753802 14188658485813422062092019037545772668846235395461712812728980165020 22973887769825410115039966130871385101721034893851588644148685171118]
[ 8473072721257615774000050308147501686186073487086093683583266181724 13069883091043208795866763417001102148029265509467886681527508108227 13530815665496399596157710302278067669875493954517875213334772494833 10314149807801648638906376954505943768175798470740399817688240276874 32602590761001163511262244048393203814390811262617195391214856647890  1161448068427194445811211261400583586216441930662530767647750729665]
[ 4467634017288682281421958504154578275978833389408289917124074837899 28546689158470334794048601179899962710541946133058819131918760633104 14468488515420984908853379737404308268486935702415965466876669344726  1576767666491546576252216760489732106458594422859764943774505646047 14539000020238279379455275218209775254729503530578118336000433590507 17033683389583212080938445996925287749776048537941321065191592969420]
b = 
[29138593503780913754201943837657307143592234072196739580045635829827  6148431761662606111801006472981115705974813348883936048955056322021   255190688811745539262654019618923304966823278354790390377834572293  4635007429840614583671868285931671872308006527885785777738002146955   820388683419066202292816002168008697348901084338578845510959376989  8848648700947533848136318240422532714997718007513055917650647852209]
[20131661876369476364264493549146846625866311773479722000539276328885 10971569230648785536223358100132048040342140912892609767331181671773 12196400398422566044174421231718572202541358440368513874508701289385 20777590697412875911127557315404624547865714591197175417771988908211 18729913520771874874276301881450191669088202274882331954733618873452 31165493897964991179170526062539442385463582900761104192855946494042]
[19106738337961870383350609153365469961414527306674058101547883507359  6788814504409465940636915793831407195381283704996994829876327625471 25092425754137440857520835423049606971603671867355087146670459013365 22865458707540285908518508716089978575640002471141759113481532584230 16165751198208920754445225132454666793373453043071285759938056495831 31647863361110357286878068371524098856651937451812572832095640411942]
[ 2509262555685660513824640006814054289381799717610268653090956954744  4799808483212483319681248516457786307507844722123460502409435522963   688030148602238681316815300486805426663924729021026915290782902997 15212757068125133430071907773077907634928691122626951181124276125724 28248017570896743821525810663578144681918946912238304895017764923746  7392202655473070362511755842361409486381502000257816984084532953770]
[  674060948589374563296532559930663184304751378768469264137758384434  3381329125334227548623178044938675400703836995274946539226147438123 26322746669293687716308618078226278052473417739763553212400989662947 11112080935312197275983357665048225198591108354371073328945968065251 26784492536660217244414905522283754147708246817664274416015678313954  2393710578603433780983157725318494164463413897953654493862364144474]
[30121620689521178384747773204718128522467648735672968753722940372545 24012060216010889890112794166471853505541313396162211702710137419874 28204404787620956285148056927740515835946630768953280766291692614462  8390786776266309559204351042106287143828820014522750989935758029389  5589691711086132346267639936467855365187025764777209120789196218914  6069061474272034097071030636418398685167426885563338890223076260117]
w = 
[26757169742174486353717386573923876136076748056042756860883626304067 27396434821469610611792944975354242402132304593023079891686914310785  6250859799132618848444735074839741105337400247540312991892680983053 27499379409342831097189730195827531709954095934750283472399719363746 15177260758415632758291783963353722788439655736710809829029982637915 12184344014690658999789642881581930499761820798837461536407123700085]
[18354247885155640073027169955052745326365388570058713310061622270945  4614950194446246716509544042928152939656235445482820868703207592235   815505453872026251293840374522597527509916789080284708676809726137  5372763283812402396294419433852472897775430144195337424978701545423 20549812477412976539993173300571502328676998587533521415869840729454 32671834638183956935772195185420210720686207645862497590534660010084]
[23865783916108799525488829938106323706699349305591133069320361968890  9008439567345625502625082082739736305599307322047918255988828884102  1379391441111969735718637046408105000082130587806195986046752893123 19416370375171524285374545329447056074251138831521552949983610204259  4858397115363951406096462259699399493285131897740275893002850214494  9779818636426622153702977753007279465076332549329917100547498834650]
[ 3387329251365848891835333048746797881798374624737031875970941419803 13898077497927643713190239074927074821900136545851589632217347102717 30268164061373988274443032891146298085976573352678421224184724566246 18072427674138919379738507846427248347740392615002353670304549496813  2392082723406050121177867256658802657939578184986157117857395653150 31640636517367719806140756835112444409155639128761080279691379301886]
[ 3739989294775377642890322912719312693718746782129575461806663840695 26892045430886883035578566611572912696810053867158942029322920460223  7743292688830698450363890781955683502314733158101716202110129331494 28565513434169769714421607046346478549095943247028582629399157359420 25501918505284693974653934394656701801605788764168870513066614227035 12258842850424230103550132955954527470557282426344349654142732774103]
[25001931665375192860709391319367624829795591193433816419985734099454 17517613590801848895546637558617510647308107968839740063495628045716 15253185611858394595716250796191777202281383169257250126571416298754   497048004777611962273982319180934878115509822534520728418791229094 24947113989306530302945868686731519612247303758417755820534178745896  9711037028978425250846366443690323714832830881293437780660360769225]
u = 
[ 5825031659324706050484801105302316168711627549976428741897565778238 26579579313304090280374759901936570473112775514477148512050158028288 14849608183427960446105822837793476094045414621076547965499725889502 11979273625858866517057813239005684881673705761324764205014117722392 26025122632360852670365522093494325590850705092310892191715955717364 32528404210791786666457681251229140412311477527356466616849680617888]
[29806478330383930819765275373453293353268788984674965955397131283555  9996348607632108030887699427448697808963817912783158665797621137584 19111427024250653014004242198161419643570798030361216643047350320346 25114851322722222620572657745776477417800433075526471329546553064518 25704701458784823510688396958645545324984922088239828625340538227428  8137730546021885209024274977161006334738370571726015849690803176439]
[27950251470703760135283216843276089541967801496460674575327852649078 29951116004224090374793891295687000359982339153087934106020231352800 13182808359361308543751345557412962779136237222958383283193564721632 22896310354916948415008572754187001942632163398092386550203180731696  2500374894549186486836740304615695649842153757315963985885278471931  7660182027041496767042401344918187841441577406449050610357454824064]
[ 7127619543606793156237716103397674314161383119780608184367362102613 17463127937282737114673044662782016721025748002532115924036546780641   590562582706667090827299215464277730608726547482746581408576786643  4305120985454270499588734613862610197760307880816806992997837045739  6835525256546309205694851761742070611006670609996351947755921232528 10318987224820532670694144750368695454879310172571313238990880680675]
[ 8525028929820531155322183772058156119160524557050768370709442240435  6672716478991472233762934335338429221013158128309667775608335597924 21465370433871927244370086539100619997974201975399673096489162607625 13357121187594162869537660449807309300666550288146980789439552257529 29370932025449389468104931463756190832226696259884456676808952343576 30532037850547858724719904031667663113800819526101990847502946242801]
[22586288472033951548944237678778945513920160294547505168871778139615 10519109481860319161116486685520175117387605352307420625811998166425 30588064229218340477575072156889954843376151521459928097718789969128    92249473545709104888052690080695945346613394952019162513448532626 12787341925267835156312786362013310735712745036605794360987990859522  8068914179463051083376769021851690750502973562451753222090591856573]
v = 
[ 6473807763954025094626776056817991272217357613624866350048622300058 18367099405182942062341317505191432538800640634215210777119820011410  5658332488521402896699124692832013919796056230329072063014923897249  2386928190063795878057832083026051219211587102804465375264593086583 15120067361124597048277981720825507789301577783318649008930871911106  5961343374029284819371036280753253922332080488529181991336810089499]
[ 5803049456689071734447632321404722566263637825980694048184902888798  5713306790304507636239520933996689204171974549946008452467152281026   563433073530161914724713826045638260639291103088834185973129549229  2823082366839787358254599688882406830532599516831966755347921238868  8854767430679224484596212415170696013256523848033801848164764299136  9984086565520078604490883311962904775971921002260140461326472679196]
[14617641572277125928050023989988572261152889574781581704275482369135  1226216237263987138692416266849267833729712985049479382126779642933 18173701696533623379052887299164052458694499320013175469495175685384 16526975008694759098940799256932805310390991267176320186869174350913  8821666907756499755106011350171481357097998917671744174181651049380 30952916903073018399936118678342178696586609409709878807250803298997]
[30119753366470674691925611645102032301779365451101274022734428178416 15863627019086043190556098182012756864510537358087129177256252460187  1252335627851220318425788900689243212286296979508964762563173067073 29557410854963822176726804657904177560684724219459654009660305817932 27847239983629862342370790780847271943330535969640063277161854216436 32991653750281149949256604166057428808837292331367624819545956900804]
[12146112493117699840663396677451027748690599368816766805866161877005  7934805063472727931762305702723099791089878885183522829543436178106 15821087262497766800858978929185984304100604192170884522095916806044  3484738244945243188710186645005712582534561735085941129531319415537 21626751177056341710153918532520481575567986720285508844104080304590 15542821705899612161574593236479670002254054344467277573227576227340]
[ 6810813497623829421400688703982617561368366037988617003294242571984 16800519968366018241100592879555379422939404231119370074929695554292  1771748302639288098172091724479816619811968138679637319227473595560  4600048895720597997559508932637340595186751708740069828831676222774  9580966624991191962937365186685046106282166330935481780660725313276  5270134497900285355093141717326343873520107670209270084558443553896]
ct1 = E9I4ZKpv8QNPF/btCNYDmMwRxcHCwnBA05bvNB6xP2SElWP6lvyr8NKONYdVe8/h
send me the new flag please
ct2 = /PLzQibJlnw0CXQkeYEMwHJG3gjoOfEqF/cjLcSnIKB2oIwYqZ1R9Ro2XtE4R+g5nGEUqygGsxal7nYcqbjlMA==
