2455328471010881813792485682368249245797003165626331622866498739076291839332676932339553113159457814938405246446779430617080242064645912148029322223054254
4221215535620875296000954734540126003398952306522219406694113617474276674623152321257996086443149251500906819641156826630611771660150247747307502235972603
8897716856975215910266213833111264182197047028096003334751795486359989005781475308380952173758488174824956189681224133829745225039896815301749748344957144
7306959089375774987964532704329310645075202812925268905367224631608928201180610373420673273828775152344806639950657326314859686814713443884330788032453426
11919866320580786469167696098009599088993196091984980993136095503519565287538198588086617085768062968380070971329519216983682212142450972636567090689480693
9778827393880231629042040918480748218114144383509341418051518806184185245991484727977246383306707384695012168500540249198014736146007082422165187369145527
5105742955501884751381442832095564880957645016279859876540207461460113076049385688879715988184508469189117165009331178440703724394426571112255701576821515
4069322177181302282682788904637372491931417656480296394160124753899388467595701420427799417187903282750923144100829492100448553920453012029783119088339212
12586486460930179839865481662119361491630327090269515376774990252930724946014879023912246541341077101925725484082574738018351924559252516037219523682525324
2884658674448339094667287047264618371919427972072367763555536303617382295140399393657835473809472694294945939193682636236323408390561465164185816570948233
6562103960343185384399855160385036132791231725257261548187165396963151341666055863397625372070586703385266238010429829751146181653621338257957379086761013
7848480959479543907492144481084477696938717718110205812409389217534867001017688578215932701856304254202432577136804141871485801001670592495830957982205392
3930234486563401477518257994211246375738880097034243438756139339182090169806742101256677116349259138220582571539053500371671021549084895818085347868706457
12181109178182187045455342116577417976435671243666174512232617516761569955478464456131700522970004485857810064163940169357128267099471857016212950899244298
8080904390183325000248284032890107162243612469068297013815431683655929616943653148086915435767183208964165683332494499847095225446984697158946811430746015
3764521483753075211468671180145008563175299181965469869424820140655667168957767779086989055704578998522188637036929278100582280252101713621519351618842534
3626269452875454464326657760966960806328857213269285965236831513825212783248861459419085913058070533229083897730468778246035733987322086459743248273055087
11829184372757421338743982657694265239343430354917369899717731906180028352429264808653010900671236838171015917965367116050304975239277067604911353970936089
11294654832301075080086473206116098787905351423040578009854479126916712991316318479752159570809309554280041697029757825908437116742296227799987140411707540
4733744425593961908804201682860639556682703536814922706277067705875284383974019465363569347609682090484986501984515819228597675042226661693068747885015547
11163832110457728756502227244887450364154802653370387303181484863930146963213733684335894199071279815058462113591132876333461542815297315307538529738421198
1751108549316916404643711155208116342002727413245942399640599271406609266096228156437222596167192343219958202511994504674992039937425551305380261952322024
5973860537616789173932628107482854659184822453456008123935864450540648133021971031509290019392467352784376716178623988492131448166200225003286163310469360
4822705984039469850646824866660089100114629728754092296204291707660033485789576947576033788049627146121589026720556739392918448257808531004481190909033451
7137993001800604317924092703383012567624588982360305481154401298734909484451846789359216265404339832601119221898643392165950593149490768005031778638705243
4256747378291136365565434148079122491888666413232507307830748842452640045181438976808409589543505504458868007962255083935171830995478032162402996671133517
2294257223822713802747645039576685349256604015565370548787441960880270017960286285864508056291930198881305346027418615771172861668875107860195002647482276
11993623321941261781935174533133500782330340222681433014038173998088817943075398875054752392938134107027203097045889630851031777828179265793900565699186220
7151365956634913236948458380270324151895978548069356444902603336869125875285072349113738359559536755952324008225718808069298117737525338121933787302964397
7736957141097386018382690700886529694186213990479618895446006929261806141896187964790249171069822072068069004471136580287052097261250212450597098320111712
5106749032929403853090542612886129109634824920066162332537664864840304166739827574837121459703051869714794720153229376019176438191214414508802912666455017
1910318344225774018435194967467576524202258573803309571513071475668880724770084047291891912110637883863066008271455532725070831981140306744127824107128882
4017312899947014462039578696949946003451654187197480673024271241889913098417979421608313534900722193499113410302616448636707446611432507678536163925400855
9698789717118708137489477514907046479314840482937461488243342794273170851930805539604820141069786386719520571184448296988039745170447892463210145426672576
10163831865311775913411961453477209376798048609328122502202881730468272520902105618873841241750824290068910971021808888963625401538198133553767804377083271
7423717966534378900986585463516920846704287785232991606338052124880147282661148484810497178609717187432186345571262748916771650062351521568672881158646327
4695223771028208132657792061296146307182732401717123881033062671947839484454988908410069781215905254878878342853247589794123625735414155581416306972941668
11232204084583951305577451549046790939472352323032830922760801390512088287692704761960890111784928767605869069271775246732138073393013805815068393236617719
374185946372367354601788704576576539320210945078914017099562080660154633143071376289085205585421696826771052641592567602874181776323844402215027212252039
4797110865189120314721739437901121327584974364264617142700478178711368836908708180416966383383926177079098192340626791111305556140709397428762686858135807
4903274502742591050478344499831120778630337411510450976313079856708067169356920425523523024053160976721300431523001489292389882027289502612914161897313307
4668705878565097393463507529214291857680777698365184114358939674261425474385705108024761099321736341156363293060344810856448386932058509222465503690171575
11330381644644646832139564495618035315338311240403504359006209542352687285604953414283997067275897604334744227432205673608705921002039314264181757301741054
4809615761896026529382982176015665780171435787081220137460957027276253718712396846281476624396073510822636047910786751611559651033404363668705913070945560
8824601305566528723309254227502154169907702996925638518487003959852958140323202773304210151056608529770971608000624111537816604160659888565446689502448488
7136312520273248332899006322636228350895717187027721122176635727270295469043618835285029733783481377682458031576709977391838539137341394192056831040080463
2861348983778141889484651616227002766289628761018836315925592739460509207227236901916762715039805670326388552678582949370035636483939649717295258628370683
2494167892260236964304909980353930901514441005115657284308696770996149996075198483282755932041015206950769981125188795187487496909704397462500847360906174
5326360189552029432147047576076512205552088104365877264308394995020462667426212434352362212136922934557394236866259683178128366203162988747674090547706849
12710532483116425154235138639999993895922724376551210440675987085266554010781081464337750517393888102840711961785980062202827131894447295162275412444344057
54340433716581369825116940239508027700425978814868543303360866517874098058111086055930825946461863970160123593515403323085667194284789689720421432451485
7804591231683684764805047172509316922181648321938558018659064997407121702236417989755546476978247020273823418186860101333964948199833457623729141657114287
2983821345261910559623001441328198872789618592788714244982574442351608498451807801460550276890789061515830423611517762636812746292602711976598394292184870
5979141246165084330977448146996908169441847107568660614659940116768485153813775925103757951806422387139426448616356462247945660245326719472153339697965273
7668674464855429421514227671573161391530026150061992317335481070869572861805809638376347821981361873584726145357400086483266401668754615768825546392828376
6082875285417768942035684463836744431009426391872550970007648730194546292456814256304974236121211866409384604698787649205762282393465406003394701382081090
11045269539203007486810740903274500444152850392403064925571685550845206661552603371476871452128200576473541116712284986327337773858249133549111729634478868
6658548098758608456690912785599318142958656654356399395632258850379343863747924801742558754157993567091609193511097180426668853402216022494551923867587466
3406543339567159968567325494918893859832417513803520393519069881806253306806825882427608751337065287832021353099007843485104642381321862584017812691791746
8764965914519635445863308953556985120682251314960297209802113193024539310364894222134319531665173986485895233557697072243846475429292938212781768424049743
5734278704923048225356215896547798184856752202968281138905689342797214293757767659050618756461776441108948635677298185207503662650546795178026572356683459
4599294920206888618390327865172377864550017315245904746573918655901044062190687151221139206279870983793150490553906937364190059154960889262764796009158078
8362435434861678937163927714004376762997874747228836136963904367137577915380224702775623168985084496943157658016597083072030266899006567215556246143024290
8821247512734966626075757836460200682146987825263617526193161526191243257624029031619671510389671273541710686264574519274622743477606040474168553443790024
3943442448488898688538866011058776624684542784350358982811160731552182168347219782690182554015471008411443075914930716097580091477614543683637352021516234
8639880134380201286460708119239394884448716632700729925300546279658259429181952455579452880834943672621460992229646317767398207452341819017193916091180241
8197338365417344350007306371120679565505539868716140610839634242421313893846776984220947666713035392375204864168197916485561344275773911922237581015371325
3627159856939781740031336341098594576726226660704166824231079326356666373155831531813654654940420086384236595867905670304958311346297405315557471252995576
8871335836342680513250171371843174131676161347931353097583914521207418134480572859721624032079552199026132428116373778948037118886635574983146286695745968
6246321146487743037975513031008140892273970068750627948415767581369735440721731611010768505563092019489689280378724732536801229582622550969103903186923814
3807041518734604876917962025409613856163917782656689374825732790258547550561662972905982112874206137375247825938799853128901158858172436697751435392717249
8078761328220463874265782135005216236977131429446029601082073794162471162769480158412277426512324587303189744238101130460986774912488345375373736364032919
8120018159310783903914458170957658147328355670216674281184895990301563065685973777479956303533768643421566824405931184688595075053158823030862095764458347
2341612718363422784420266272034137929072793449546177224879482538071418009652463989692674018847817297500892114860787442501600995673269263813933767186453735
2794811884065826583711723142850440252876799925449185780519834315194797375560536702279747544514072057737539818679308283950347751079310576056038018507493021
9007926254855617855042647148852136373398550560276484457396865405767476012335288351331904719061518234418920316119835369745454772551360474358659410729517873
6388623735362321402617024340361112380251321903713326117417999463483577236109227282699838123603974387080905501218602128113627572042000695108105736992167662
6920341410968628478486011363323019526145123352929049472549352538253374940812923029830630689821644711794577819023749478194961911597525980282617941539622479
1120516485295840361311874499159582009434087808198135917818488611607367217684710330087878762863421163790142597580058586653396005163598432285152773897025232
10111801667578233270519473057120960334028655231513773793209891798507062423585008826846226887540812354565159384597179100042559144104071092340405083842437963
3738135868624604256237052505447373029681782983143019092108951134186102602385612245464757340844242052157849484887949598370866148379007848030625688478985535
496742611838016461314525209936754254749150515405925874885323890864539438913349746337328493356528153501193896282083063148663420085618344401321442168113333
11843075437469092722081583539322821337473370811989277892051939441539409168413942826869174976014061288855841244382262991293111831108864059374417148988994142
5003265199512431112167296637614125111140128233687973589613362688982250029466098945169434304983288100337304786367806932995840862995883292142816704901893340
12859948909968345083239905816253098292982266407578978374922963391419994617312112026998750332087797645986241458462493289848648515573708380718274801666641249
535020489164510576167293792364929978072667401885529301640290846224828981251857598638879815117456141335527804320130953261003945580719761732540294436113734
6500519326140469548725053631145601066657623114227247023438195948572100573072797236863909812914980444618688938369202032469786746141692042261174557252115008
10433349443787237054734318789295251666832555368906327318501692639671939542875946078740785131497632294557911762035168740394750203170402670252880252500149365
2573979134112415702038762745221466369405725027651716556510130412381743353569081564740748412624211368809273032108709219224731729669718667433489409891583085
9372340629570875334737830598921474186983174709256451632655937891437148591931870987961478783751723464525077058019323303249038782738848192004766850394175099
1861457215251868891990241707117178554185414148934613365565290645586330195172751202164928469549195825919071873009880900830727756683201277216703873384525926
9511147514937014808559844703748742623124517289862858255465968894748598098703306474490271301868583338605971364289726404450930001329715138037476007680527485
9983560808940490592142653287276828169836650475210246855921840597016495244918591340445343561502275973283578975613040224119933070451523264506436859748835558
2519716487106302528284641209151906514757267183400353872971798117362045136282420607329746001876125792545515888392557256103058990644691270351898687399161572
9380391018211211231555958172614170295869992591601074750161144761257309358963725249875385856493892784305201981460730077130999348816111056983043840766842192
2825715095539415255851590224432251133727067905810934861842315250109729766197568019906014328064393815077843646005602321566726039049318478941450002977674555
13400154740482496763869925756840420895715070686238441869937820606660250265825444982825086563536314987145946332052899493106894546880873808731562652315050395
1004808196727561091044779980545033077460582540180694242861363777428896659659111294268887221021372443910507504944569875569009292559706136116148288188323792
6490018576790529421677683927755670021134361744565447237793455179564308555968846616798735540802081050858128143801000129500498352655982667304406069278220815
2786024179378879841788635839322615546494862881547462793503608914143511305417001415315132068542059169943730620700215382640959566271557147412607037548530158
847031477920067449934397541369618736057598150004455431380610940557740782165070892719846800820212614966429856733452306367250295015905824265757869726608995
8414949145007547379293640554730656898649127862068708551102475745745630860829495365568121604761005484880640305233102706165773659559760647018903482534239594
3274809206065249659607591448121365698048408796868644487248807149744903139052658351240008082387767070158239611587094348516834736028120562438178457180042517
1539389692225872878545759906186090025388130240353097676125340770927247854031983134750526255515482440067365860535422346147506237053332212786669174198928138
9793401673944434159373028370287438484638544459714277930158792002914800344409819205782446478912236350951781172189882537504076614451427003095796167659191351
5680236331127908254541785973383203386492633896325542661944443451495591858794548851401722480978092279540130900863783945951214824995641996863168360173907344
1322284868315163537711593121368708167880365229675907547918055566076331303875727292064696761325715715306423919915481204842085650244358403138909046821838699
10392177736447699700451405319871817355183065390873106950375427549858671422458135039188018602063442151925176684687935172192575502871456563661726591174175355
13024415308849371722297100091032486527627485426363299855516980947895172330233204940575702873785920064897949777420537890513046407124444581398299997363799197
1820437926223083142797045333611806196683236799697585778584418805410581595463448661722730335549168361548619725322850215570212715346333555660958513470671226
792831324329215245663613329747652765982600130959552297781618046243107651725430725049506489344425741006316714844919016159116237494413171816730115062117916
10386902539712940291582716081678736006082014073225880752748810500090821555692246497163846826878601219800171263072720201406587892363328007519432038602012550
5957178769883743861847664611403301746842225475568392676751461120324863825960238345122180160072245456651552686892563717850117742109296285521334011373550301
1021867813614591793160698836266247620038071061787511461647794108432731218930295532227786142107249887950245064894656935287378254806925633845260206490728766
2767535294822240011563392975502322320679036919268913448625270309666852263958686694666692493663920766514527205716729867441850997185507439452488883090804086
6332296448320211949362054555009523015118361595424572048540456980734224274234411861857907068245009601388479496625749371689639002228493322641024672100982445
9808584736074066034541955795449045696646270779406394841078932767378756547231689612510879915200208641521781678856166954699598096088913981336338334823281359
13310680686190312913684332149234818848150944151198456762605301571512189754256855842512109867192642085890985960481978915650505746156132648070182233566398629
9842417449149126067845956822867946869383170444454285593057021153777291953417924264838279907972237295547416516222357430261260270864317206573033746440634502
2626226022106876848125195102403721411073394115104410531582218174284832682555127485386258329250858060359337771199118755420622867481662489793459532069689067
7035813022861487686574086391013828279656262003270533386297124127767372948157823293213922038158949745562756632067661278398714592004415650965752747993015677
11740962070134039046619643943874419591414019088164168548133552263677692383874728882764217804274518128004501737092222075630844733093813158380975263878381913
1948574520871429618348400686801804096840908679309115950180060144996363326442247680162689775846193462148885727388263629668273521004412894539457688691587289
11744658178013901209212079824390769418270778310332194643752209953656137215474330588531341002281317607462703370255777942911118287405933638390025259046120246
7370726209338121020387465303999794088703613602618953485579942412066093844109578123490043444703344069455156972998611329370237833668575345908008360187799741
8161049557615995358858574044088603104744328155768565938691062736076897586125116026892017339919046559353248262023345350259541144051601113773430080306922519
6855655068759232873735753169324553290294228670466324691526791274620622776069169402939705294178938570473686822288761621919424477912085092829553925124869913
7782689844696842338762216487262575640021870640950793491805531247327467176198539019530143945568923899052673379317026760306810879667940284177249039007505998
3137027362639097452589911331368179518508326225355001066733203979996582051358498799727152480749200173644224730749943445833214323919190264727687520503640049
7607366880012371854338038212934404835410638340822239482255870297903232578301888509022577763651509930130848799681591533422833489912304252921600590380176811
5527938182777791708783633656724295999198793545006684720439620162825823642314092513614556650362813710052203567994787884925798654562266696072614824635231463
778848120015456729587346939621543003747266371445174323389876414006219671672163301002782971413861397894410553204574440830000408839253369505087840884876495
7661344221693847758832778509427357444445287322902925949517332942238832862317067408634022153144705685648186256885958517902830581401085592343939959040523644
6795183808671297728108456691666722729773830208358676235291922393269391928975935146906268668208415163217651829438632512935443251712661892719408419363855563
7661660451520955114417003875705197118991115990572292195666481461529593333482692594752272503481859406664707550262116203366908753389647208607558255673213050
8367306726903172700864612116952632816049473621224714545493308425775942731132634577800908086986548982056506429422202460766602531989376263199161107647098002
59130320112804939369710639636657032673001807646138567478943336099539143038385959237951956226173346678914729028148862409315361570403557944401859604586327
12129408090031526548558849029858151372359173475734898763368491557082521994496250704025673711990840093797727877980334861737986984553233998235893829220866555
10434147555947017362316250044895315044103128958948668837758280016244592605847678326954613767939694589250704304746074911211779451557150707097776064582830518
12577819083211435584417557041103379422781897747721573437487810526193203379572291515516456728572740909420764663894571102157967720131005866522778923396971536
6083971179129389990298573895645377628837753226161959800785086784797494474721372181147412992419991023659433671746184000747515679885863391563958973590957012
6591218622165775023641330619834941809661998091409617188655060230674617703464453090968840952452575679153915894778355358853014074464543505871206094602486915
2711303973020424641677421210145971091288766036808675948817678042327732177665678210826279907296130560547701563972628890419498493126084667647758502759700216
8366887134160011190039475244671976975671425072364757129540775528853436088604490812468661323461025885974236841563773649253511431324296393391179924053950434
10517484823509089545723335356847914386436596642394341747801338742690828099224627515535480636074025572957486795108861964053896910746944119776475993703856211
8094930197515691216070995220824656938594153124663283660422268560689224935142999419359993005708667430873088478051040817687570962896902296333762581613460638
6361407740400870289725639971099578717259435076730492431500920364761092964665924427847778228685800209724944681412290976186799652669698586772509612345303224
8236747544307436584029234807639805942357926021125436874226315773433016210735769320238982845623496481415611760222592812107646587427811381157927215908317866
11877054684420749832470613200517397716359590914913486986004963936683143789666448736307072557237777393301629770083655972529491983748494187453386959039058174
11519712052719543797363271313871844132272238479742327522189684444296336422420246236808651775912810874146928986014019643927214778253050606765700512043715219
7473979030763213286498778477024676995798998705001362514597268966997558576217842670738927827578976348555575822617207875216018928182777488350753007203731475
13217412425112528960745659161982839244230601500140088755427461590655230397250073892446900880568419971546506020713326573836632788280885928507288158086310708
9546416723391369601483931981174807164523133614018482771489932899771947260300263320220414997326969457394986505672276284535875125650806914230561801336028955
13321265329074698264012143997327811945627091004714163397899046665389100654284924890300401760578591775861163564152846751404944939363591348375532848988982239
10358689776653197984899903280461109672270354039218527749426662998572910591979591170370087122766419141770675021199251897531148314172992414964627071957102907
4762510587123995409360251254312716324103338965260414676090014087484911021579336281638478148943167515542746954612820858161883438815398921234531289689911920
13004143087079671305168063316852285728443376752974596051641390536479145210408785626193490203742866406426445912886393241031341285970379788225080126449138933
8489355541656968745621313869794003133609376041891486842525767473464627180046806850573101448963623096490122256829250653186002562057799130373936136057164600
12094974236402348452585291771836515526886189725444108763004853290406105710447473261680123090784523930416356310953563523450600093546167864789925963455078099
3833019992921347857259647947399045440379616000558720250308484502681586586546192446363068426740482857309963111506525386737833456500740990139602086549673849
6145656945147793454350486649679807906492633491051902611861035500427667172113151666966677866443145867414353082340836506492910256901820866722455328752975665
1011648397592125583934367497218302532356630937716432306423932706154682118693639641046522116620540376635992714133678785099527316387522731509822314851171215
5762756238012217660565867640407487594170506586082500524981095021929985172476136950916695543098793163785183625795551798691197478418886436232220537353795245
10853050037429295538367453495850445485140577217602400939344677377156392497279227880490631161809680026030339875407230877657580686064043064406113812301084161
3197722504977615093499179027952565786890873384050862025906262336635726477877331632650625001454122714096261978684119813808946837061424867190353853237474800
8646180392070806441561258477342084850110890809379432699192595527818055446610666656815029007219176647328025858683116024441753464447779162355713155255462899
85441166950538675370967318567044724274791213959734141074881988045008448252141698471141280311582420045160515189810017507676556416284033999698909359715529
3864382030496248889212149780639006549657118814546512225355603676450056324797528479204906738912119905789099698241548076744154319600178541542537260910384339
13252302274210313724233116318024383514338690514054490035739970307225017556524025528394460395908929204213585582414998021222328526043931778184818311648377220
7239541889251677352095662766859532577353247005840973123773781922359817229359277402448620320023966747324360839603680368935402788713464194633008466961378404
9876777468124312057275914165732514352505093345381503494089657598639200884440986608814383064128531408895247467465927241030448305710570460881326691375675430
8993643644011270053624864430466295306927608848044325873329798898572668955450735815583045003286395580655457406422219240043456709607851312234509997796869407
4044150813563318992616759196964092020063706018521134561825087102021783543375299336659104805445072969417612029764058544778921408386544695650183631337699011
4128148983147911487950482778821522226240571964667470334205193677338125299555164535460748389687667638738707703477838867375373202456725451967976873459160309
1265427174850078975680687931775673828172893883168200928771651447907760258464679288676308855959864060811518325578961610503350920067837369324787623196853753
3319183453200809003934302141786422628389979409660179717416655905368680407186296133636546239701286890288297900104382381726554556757087543709646570329201145
2674078995993131951855451562176672813982435065010017417291653539944888354399983233094195328521562313971220664369415261827174747493965587576460255755306063
4262062307160309076873566522045286289899319760084980626146156115762333657090075636656939113650424355034966815826717202715679471162937807145343502522947410
7903274687716710775763976162709818303012851040372751055754145960919391969734818643171608850416270312127602265959994145397977396467224055353949239878008323
2813106579177499407987489342958410127753876214166494868667956016086966830875980354299616266789196280349512783370626907121396817161948473512835177763153436
12814336935877446044158029654997057592886367412765926685941886238610309458490844236194009860828452988423877865683282960014124888085305280098887557870574704
12798576966067967778384359915482060836155529823997365199630439421764029752325597652626460919040281464779018932169887316174499681885843961887895304925906484
11931832749365691894917058462506574919832034992968890789494695837015280686089388264133469955878477540372621700952742096292630801491546628827295576968993002
3758438374701897756422913253367413360265766988579304069409508163390507091926758011367289243002484137421088689581940976472177582739803805135444998101484805
12107537126813260434169933430993680123929385204928543571999678043130883628410778366398483985925990032597514317477224272107701768387575236012118057610911923
6158926021314574539982450769907377975844546478872032667936149945473513806202622711816421088926392900577561754429728956256571932087555068376100299236520828
10965722387964977392040972878265022554818188276728402452212360834452502840142112257985071034478207872149223415969560412231203664434399147835371076989831878
1397045913857858087679557929129857940703513179880103085434469095767315035479549660581875666710615638443360101358871277597138231831511682647284898980970522
2487743347474266475118983908705357236695383589380345708267343652056936384202473693515752034348733574186985127837341349107471158337130162123454620325893282
7614213554427278061995952882986639906398174308069822898332448916682058766686716952824899812726767216917078883254133801871707767468733149083579646012088647
11834274344737684444353814302124197555977438614673660554421941274279324371235334611097927416846403224398736741632602113802060906459534957630867396575822995
13083122264458008267195550709528254863810208241794042727689939272595589832130475337553340351644638075986541512749718354483010804285733104793232845459559871
718759087770556930087606858005397630358117484369310249056433639058061331401004072623281635866603874394378527048493151744261353301095376179846356199042569
8885930865966639043472170960230484058772511112932009646645128928891575778049668594374634801556726675296401002190668039211270136374619813568324579105834041
11834292130240664568707476824215534548781642137757330391424195761807878829445282905815950797282819923120180510655347687780858128813803312585871141698980593
13213136655534576968379173276561651242474110498760562770913947021730449624135630603693507989907304362273743216391876553559592418847047084091607214014403359
10414945000725580476126785533622680562355036777007145798784331066441817272542647826120433925463307302872791113196581156389261968964921412535433689490773914
2535844840080255299782286491807553924809865321991647117007384868740425707526136942693251656794495424329690262041313165147268405703413126580262677450573721
10778818699958217361870826221160461182563543726282496783451414017526937811852152997287975614213963351680857828638654743282372182167867414277230404287540224
12096341179049920342325936838529400985694951388006462578456136433514345014954925964717120666156424758781727787832814317209586827081138138042135488832356848
5461023454584285049298180473834008475153667403823302892219387683730438444775929298080050636643006335040908706895259465917490867835132850655888925324222091
968360665589652200527890600104753728280716033523443647572960314668370677884410823259818181275346068209932783418391399058310563940385547161082970493448976
7321123909327756477859474129920473018545859663175564623538470386089134055479037628593854475649894382322264843628631980364359923167150353995424164301411960
9144608146134473637895334003315774532635488534497523093918645093545271921867546578042740578058198562895836630091212251354679821794519423942718591907030946
5178646639826994704838550596583745149449475731875312050237466569583935144067021528344902633213417662337328680010577833059490755736403190780305924691711064
3031433270950774413253680155989653684411027497397770287588541192264306747390058425694414273372304993753459934099065230275294345590620825568023787768896510
8518951567654642441639112962496012211691186375155646307150655167224055432518723784655986616385716125881711956856459111843083731669741592715403452130737635
9482938885312869214883254080124033254002436249667233729024149212592212311226908908005311114093385030363851641960165637712226382035266264308418205694031199
4425212738490472322482248124498051318151696551675013988572072615245375717166106917670237368365971375083854555837548789666616328455054149344730381168646400
8540679821401341477745637975089090988988637461169963647556090907552703857791020697372876826144280705659923672594030157553239890430637864825162725670511793
9786213635111822907632354979722781211542408694420531225798010818004183042750232109937612823646983865868869751498540218217693395800821315299452627630280447
939217455872714074066606084339499067475880510000210792007134932775354483390239206458060744262233652060525180139985651931503625831748178553260719612341036
9290067357630437484506034613126292995513106879332117896935790066939378783034877121561660480751057672298440892926401968386857612749480583820604719578687672
1748459119085522705200882136279138595234000403432937656165386148360664782722041081875125106871896168134751433267479562101221378557321783309798971453413442
2023249222542125500050438230230479774530868229754881490096605779722699675832170626317943053028046926720571500965322244385928537476838186921961490032714234
3805831237867598087413846150661410214649816614309986273406780277410292743746590815595285947648911604739595214472263628030613989189024418547344622739755796
11281514199156703042290772815310357052563534207962925674625340270426701098251871961123587759108868006474169006845032405422058995118455933991440608004509693
6857155501490425488491374625215542860222274915281619457149713855867586910986579746426948543488524304167388288903097308067478942625859388759066941405200116
2130160480463409297443403661095824983345682534556941619683759568490048544152982955838633738940384271039213619407362132915457929696242420988359240000771167
1810591479824188356166884936812669506053352110659603451230166682998062827988362828478551436597250167854184863510348253049524550835711752580087006036232860
6607454948896794392693614674289870521034966663178805702989525769129601048537762307978712533537424455476252833557949870038285490183709016331821124614504206
11681818975822098613377331911727062731894959390549019332743019278354332929931940147994040017725494848097058572258578579759691810967376678866183424975962026
2198705693100582646959961884027820939366279832627866040667584083741362054327937928873282173757313394070264577502728882452968555363348716296944621373746440
10610586148631607218569395026621811418339292176779451721002699046692051411106735581449302241554557888828043160833602197739584020778490099855850498879938110
2760721487337980899728530422402896134630026778278192844537422301088474376439575514139667264795658598670021777483103332107349723076276666988189257929695254
3395114101933781170342010032325278979064910620851488379799859886129146876674050049044981021860412304799204411554812582305179741578124535122464563268942716
438283475823423081552768296300404150734698003854237411234229880415018825219818482560529084790506310777896046729581847754452342251068041608891712928587931
8755824643710427658911458868638206680624373525607578204978595648124627986321836325816737251026136965362181094349909861816814671748070486209737983229245635
2334277443936824382977050620950831118952307258413849365926856869573604903297584433145824001870445961902306046937348352892566613706145647784076408479732243
5689863517624695949482553482544436277250499034917312010603565486632129246375751258546087521876989318989890353817553069815550619899839243972344445738903600
9818288834994383476144997617492408390079752635784122410619177276399260590840766327034501901767344582472102922282776687784372965692680225925811735432275947
4814270724988215143813316428729261154555938597704778891668077902505723176116970625561631076011781159258301782311753190881400433997912142301438978978419852
9270271698534324197362769222783823664176957975415119554010961621317574184209350230650706224554459778763896247369867257608263187694633471584666403239319826
6633871047482592061145565758988148972277396381789702265165044374450927615659753459361571932961851397962046889384809746576592936716350081138009704146268697
11304023505606332737559198662434440897296840996178136220376892876733061208078879514425754679353077279032695610556336536651712740336120663673581606240270306
6778466380823081501092094601037461019807371007906335099070641466057462645718015714472448880211293560882699278738476728613957297170610042065838573700584361
12912105074820920961282266767215851888089738704930317728706356175439131354972646238231220753019489829223622511198205199729095858175735788791941027811501776
8938212876489834637621596786152035825565137662039772405349936897813503252882582836489256450932474291020542813843924621790065418620733323673454403376412830
8936823176262702785840818631386784764991368779682901526623061608542649339103646136470431329273479748900929633285312503045852053724057354099517011445849225
7856598122113972051708030577281544532900034825098241929330186306359635934356904439588570347840869599712330463986182869307512017116014791128517787895355132
12460257023111192409309758475616306183038375878979235764272822270732216992831483935858832622967636716041060141347559614347460476690993866882669141691139364
6463608680141603361182130151045594418128123758672458351363118550033489545369022208383407180880074143297741480287098359133633898218976805490040793638039299
8792483107025353350298543651669353101514000043372256709160152911634429225321080450373193124594099066874753077228950171274914340036350420325859411632769287
10751244425363073673114690802474427367507397851160709045516666294580915326798040505571602153887663448389044591200732983474047670609064268931545931209762911
2471669056567094096017479000789004902427031024216636417176834057597460161177343244600342045327430301288936452894338246878085873307175016153776444065763402
11196945697816784974890805922419137048269896922940686077614091407892369829553857018140383229110006304076863431727008024352441994801556507071979662147091118
7279458822859286769489061325404638725574125359801309392409899777688930713200380618194737468992042759716092244517763023901660078744034818645187064195002579
5743103538462842425052515971648822435569263895049485517413933643862935894088805892337582671128139334142208131665871394300317730570838306445833096001513059
6542547474541284032177123983564439001158826199581773153422713705915779951914429102234833153241889251654894995568590493925858280247655727737626556815790811
721299436601469516665114928900529111407169459592949418915715769205995877935364342339699153031948803490250634300082322250874548433169253628458570335370364
7889561143649398703901046446249915383392202796360349132381267835209100257610053456810174890889997811098489373078817942802184798674997250349770766403546021
881814215608742930212520784124693776463119652887745493497386613393057821157270315581338493927340259372012187854267575260025406542179864815993775195436616
8074119729670212118400937482842837370498753389899818717664036849088549971251423817975298632858626835093111992729180371979004420348080168622121985128877231
5339836583154614491379140936285604540995196638499639777432590670413585080763869488147323978669986470763765519720061181155879627576747024746055263245380067
8941091649129748665768357812495924005613114351017808496783859659256344194043413003018140589084283852515294386387458635316293161405375179333141169786712817
4264779246852003510449245814975693642011312487644552953437087059382711563695315417644032734662742655798249301012394675539012112724718549387091703731556831
12185001951962003283605831715391803774250936000785340742368004760597871741974174705713359807940667617845568234359751073748136898967273749492659334091304750
7372910355126039982390933048222299491581788869663540750851519787745854448437162117336056962925960193375599642339540335448695967771387711862492192436543581
4040187248719459879786734320579237464518880653998481394224187158501034791836853270184059213821614591659526363067879784125169466383904090477874170906763441
3138448301029057613622854473550614528045314944687954768592816468237365269217168763790727580335535199514104449186756001940930909590625164732617337133215671
9169047653869792999412067815620031348166392693184201410374624593664164079899477975563960791114714014225404184064883967809104660435731514873416117141405736
8138768531225706198481820538061147369439412278582095363941092174859784533564363294618227057195870892472874692047316857163977842391003199631321611892373217
12821565759510859862450531220721945711269004318339387815670281648017494059040505027905771763974067827414334381874677143638654904902474452112450719915234642
7193113258573545523670342151663892391634750857769873442878400188427359228845907424175261466758561808378593801189084321136159597148340672918510167609432320
968092922038719172528086367993284729157491181146703511326315152897514178427895123654578028421567638371390371298201663717930109564803560224561802440951744
3718124682926609325854369070419155517581167135956740631008886666893032675898086106224076499647984672096800172442853643276400287910653887712575793755448829
7488904572079308870474561636365417821879036043990064381096953787454997932810711990135415774083717493764402600665611765033816236912068319823286667778032435
3007605344386150601704056946863599609313924734143651330657534384080254699272031073785332527493691597775086612120604269706951192089936558338504486557327884
6998956870357400645630283607346800324760311961957764796658958246521136993685419951120414152869316428956339766061807334573081911520831456574511674323911579
6067993470428838468493394088896543470948703863691572226718277970134452972852827707263030305406314346626371015074399695471207530795288087496879605540957721
3702340756079027868367872894196033417343921247153549221576468883015648011631575590649089371868794327130474351351675636227791913040007185047574017340744020
2060274371899393890320359642291889605896860489685934070465484176190339290613379496237014373122683075108973809588050723243196486927250475428374769271984592
3754163336252552995169227077617118774247523036367297238304210427158743035366183365908068993886439575338813899427885996912665749711052339950576049805350715
3427297661344241138666241878717627326430623543520176145184003529269333808469621800063191129600104177944360067605798746868382186621045206068094573278186115
8968493277594894865081084152726838962347507693741369435919388420395393710981357042958242492070074514350292954347411743245744037390056492347033550766332749
6416430117413814246460392607553020593989913749267896041599814824013732526631864375480724543792102035203488157266362621977577146312573759126500884955467762
11562676417601436127264947459248291000171605471540129548188611480240005210231846979406436293046899620630290143383676893815085200846200729746782750686611584
2858706443117203420751869377791765748131918558014111458973881913864268617396717689110011890494840524252005940102630368744764602859648902672043367997156576
4468232506110190639566230353706271848092333991888635602992528607341583193990592294315320111351898059294015338034942932984653879550529508253619094734029168
8759348623626066855973035915014943351777285886679346061867251808667581793383633333441354618820748622494058625937525290891613438759432474079165708549128390
8353282343545274259447631853080054975939116698230309715979760959082696291588159247007148159295375262660936417255927519407596056349296233245550252441162862
4151927330642250695102150655894327865235439404346298276655171969294937148206343706520281812087594812085271117038331959702239171730967051430924383294243414
12075913756878993233797819016435459665490721439277351830867937737642266208923807210980507373321156995483652235664746657057289054100325436709244679408874034
2217506297677511130255281496116429330168790604370501497233495436641633477322295255054938899320757900751631357391963507514459566451763755231440676324792999
7873073907268176196016249912185008835989322281053035166633157939216375587798821935953746193515929502176826604483874972424660258705133688359436112725833741
3029528692089578058689728232843183906864618775224252919164818566624959027022337818267954393880282708754883642805503399417048164604871139626460833058523885
5259684224787323285684828643210274649865530261049509496421996357890198371620685629879431360026937049546703192378817487908227075508488485239918322440095099
5622518303419888476024801589584011129111680213183110414906663252755711221995597724672690130216391460958950684764557296921059014000693070468233251200751425
11710516767180849175939707088389500399018894394421637627914307457399480064918388820083792649211975820425131324116221077516276319646523731471588611097317225
9881626047058174616893979523005128678213232176511202012657578344105519116760213080654131461870122938151278542659036331662946326661132318318963986900617666
8585960934197872881680519213487320021088121045865150891305772983584833159718249956908711554482027518904472751741516644544812089462484177484312683342700836
7479715930979735412630568239561317592042560264554691735264237879055926098415726829191430724749061605156061912020032380916891194323465802795106560815135329
6968725282879823301780703038947295942028439120562522113021066360436554112979522187320209292106458064483807495279768513346545652811470964397085585748194480
13272281316521072668836310819238583841055313563511141579334718828287186936198388168414951181580193863082980647819786665277454204172244392946146616718105800
757973560458518107696341938485953267974678771777101155541168882213729337097743537678367716125724022268190581401922643151293609894178081176283354624654161
11508724468101005870591158277746715252313304972069504423871211787718566418263771558278412292479782344676657162043317580448872573382150322284296797473921014
8858949076470996492157365910259309642652458656430078989288817349807584161669270355337649126458045573649799810864994638036803705149426219197101836347865034
8138554398624995240224375821789122169217739227649671743524694705909368496485592093199941468361548517050774441075158124734593415587812646248804186483207544
10017428291258368412244782934908454086826996698225473325759550697711644396283427962185823159738209250983748363557393925691413975364586770416853685295533000
10498658583119882764660261065138036672528314167400445881539586546406676506478301031576167526663218603794316872258792588167978871362669564057137301244443632
3389904068525688386994040659383681220301086835390091229158037200436720264449287059004705372048566217650476373258329262811730670129297596634352021642684724
5591394472251203465317712909448865372293948080311532829235903275351764740122249455929084837992238270221312027546471476002695392141899230105414339245536913
10863282426225040228613340725019847671989208571084561317299038165115636270913718385980188171758277304052978752787975996002464872438349003829420833397924217
580761946648218204054406793814470512122818502680422570271234363729608456135186739955099776367419115545787085849490677466637664915867712138385598457584804
13333799900323656124680933297901309101350118246938819703109839326886245673680884332243973998773606843744126742875255494535457362311950864721087721511014600
5733714880731513219950077308204963077288533877050771611187761113687125534011062680217472975107718602272872823675147029177802989327459737468173348307327920
4440811111194670486796486132508078616937974777955820681471304828895127719201432190156207257344013543765069970622019123466534228214469070429039894151038437
4326449370451557433273032273101109189719007482126087771590316735393918857601094515129876694072246871936088214004330541538479406447791553745029765563646770
10743573205428286755405911912324776027791248312707739204372163028738807338996559237758886187106538530770877582188263489874086911025130151095963345514499781
5366907409182166358847607320911571898371002967161567671034278986394512184309894386969939400059735812694741787521049660452441513733742387459911068264370598
3103406688798669526452241380222611962821065410446110721159598458516920197814626314299278999381925124892749237546703083623338834729912739174052956932812465
5445088270566330919168678926870948004618449907916420840812883548985794481025040672935206641932823159743841961701775151201110869521055707719228669285074248
5225841397376102748881450266134769781041057868234214472227246769289251099613946642853219524353795048566431294293175396576226517185499133933182820250659887
11690759323079722711370375254214034672291765025220683518122887990109594647248494128824495715076977942242431980647804594729783299563367030423223254949096451
7398747077735582497273288318973054781575524484726707019683195237112614913716729422803126245359404970448859417281211108734228847126851519008707825992559456
1787398854817558171453401244606315894569442796346102419706884928664261657172239759691304478608430961076107597660203752995200071418838378244495518596864599
7684352742580631614957048023188267522023233486939391976416898121476773602332373883578952677525709752532446188365857359217166106723931263406017900626463754
10033782974972391832905781043789610170452033945939579871136229451803772312790953633074462843131570629075822491012645916200319074716912459818039380104987179
5849955496946832243526220808710702517836114797780416198685004144568399337023988962303725460877927721588331723897630773082766002091453561803471087361028794
6430714366942732313413874098252698222801925092213390334788211867211224400959838759664338131221084682413129086708716938456745455964437576442372957401161382
479177462518242089837268982372735657257728289014908606753412421687609864256988281900554422823964342068534367215367470543442946768194337605546106307605239
5513638745751067258555114106103253073124436531157978637982731841262111586430671197829525417709293786304673940800847833105738148173770554018039261906364342
6701948199463908901887535454919769549141227060944185492970171669278991368564873986592559575737514898807943862005268668437891600204850783784510227245732939
2536171442396624332350587495041421005948510053956854783979521711997642274429017121682434759480077122410279940960698021319470309778620354091428011241653730
11591463034930775028805573316704959392102787172433971569719738327711676705512183130602507567884171105761395292310846044997743626471888418150524834253875665
2001315228432404118676176385940541830424881651014700691532557896994721300946536915519220513160501838081621876653515023525702970784302200920587268344686685
3140471496081064982076999598130427910001981090184839449628132717901205707406662228078747116128290750517682884918694470230201565492170702864572381625453058
3893044191144375636309388376369785726447741748491386518157269093772480634238700733693744894225999797735520637813298594128805332347259167130116179968362155
3787667780894844917648374723093333884983908547980773567199739249922207112814857173769127832790824951030480242127159576944166904161411516278461359773555594
1796507542546092714313123205314761692202140627393104685076748979781780823312138620045474484370340157724951846821253996553775715315378363153017601608992348
12705750168647563327235906831326657659076569945276018705015810939029145191158004802263680666740090856069451363462056748829497131264488372070473427577636294
10019516163951323366264327074790865575138284806331482015270573335788331047504586669049199703475195371774543002416032696918569311188945844219282175594519704
12312840752792166147210020358841952905895851518610013710591282894945133568782498661625924908838978660526363199864610176671905696527219964201799897325617752
7208633357069389844140381364572187401747035471513078815955042434880890450923415002257576147676139849154623329737723968431577862061461713130969273922590818
2530879692505358102500603212234830965014198447303076348941559634185367149449461016818280288115115232725594351641881171589648497795338872500432605550707623
4345363985280693337254705342357536121059361448381729792723689820263726147308843699773256153689987821876130900628831557732532643292432367581881526238962225
3764542178255663547194354721470091537903566437552617900386773776693893562670986746297556532064140059245967810129097776582317850234434079096845317453012684
3034063101181606635510845267713005788702508375080049123341687649317842563445208292724888733797176017747561422568158205148595105258145510928488416655594660
11428963100689813790683412445700437424621891604078704284156229423038690236513412744508358239094478687678780728089385524685874228049481793322174052429517689
9307696307465503312020735093307739215697238517828529506264212895278533538880388525883981481447291181207724072103398140063075407263317701363682142450752936
4230733376969878096152242761045706902723930416404667361646465690071119444172703854487656295405189437144496009618084208831405343763981213361669221050425424
5087579201932945823752937059301997706200910199856659581333663649874386861723548360455092465423498656361189042343752629745963372724143064276699967768833568
9510593204244282700984273928211038833534125411325520404779240090770133077458498148738961389766608143645573740839868142765482876091144578769352264799409754
9561627430081492517183289405248789806694672965283168702985981067253484117085428982061635197953458712554231878040544836828569894829644522371121350530739999
1608254856859455305710375197012027268650757382250797689613813258306316510965868659717851263324136389148539370041883508590722379835834703814667754191609286
437495379536171386651059259018582445867016149669039137781526766572326050738399165915968899507531504558293099516792840069005686977530041832787197700995270
11648846992220986558571006576795030707241777709325954429163484802288248386787304713666392957752043930400851831586774818189469979663959066858869295354670414
4294049604543193447437935857203665587443356599439248653803709538019658563575559789928202030186045877972173881918431563488530151804976221183608441034975452
8017446592587911194679528955420610106602503344858032272766711635550615877148301180714984773443689203994273473377980487484553174566109234712768362756846313
11716561788062110710033246477186942158634217743011093160391944217328038280612408998862041106859977287013976364370995763370169093987767224477270545665382362
3231876820009711035822458344615434235608199595165106236379804735154866230178436255082008476469800618628949001440972787758611086961727988684658740799443910
11505935357464236722296046730895102953836353865960568319902222172548213398474976647963121102708990738785792100388194296066714567298152892033307658278757249
2177793569055848452522443232453642315221330587156714389519113487381259811200946323634718186556354139346667480816677990340303774021989846954072003667745034
4501490187328587687571989086339467590319106683029635466094371578949377090012161188177483584410786722774055628743731594263580638780387586477848178157206596
3019663694484393301582473975788485244265127417379929537655499857905064211663491233776155103163859772616297335643727875831884074102771090342822137058371851
2844803707360504810637098063512104162248926734924314396867316074281874985347806769934511837614156292593014376600506525942028756808645657967221350988217735
10573906121006785328084952708782160156704935933800003448084440185979297631169019119948122463185510968388600763933078486349401161801559894313106498241490487
5851406890668043244981374974694862295616396740754792557517217482943870865619753593642571564807267765823547473839051479842982165425166149674860190862043102
7012915497765601081330429008101980651821166650083738087489399226392014409040296755549884307261454740781165082296400730391139017762749041228127359100623017
11474801014952526717452871519171843307769294291516482863862660004108686498626551737823458800434075268056532635747099847419612880185092908934395980575744933
10627069228347277185777947247329003465140987297739762783858318871352684472878264398734969758147795677629664287315531410191413830729518233232269219537460372
10588321329014511164102622791222775289420312659377790110707490267207055479001964329536676004918413125065423539137173441095987009601375163473111904598779551
1379674588573411947777040970607896327095206089720541426424933370742818770347551606084764137826684256920266755159741271170905055600206381187181110596586919
1116815482649463243587245899569762468783733632782385215952534068122443481287565870934255467541476857745791508649340961494803462068788978325207654283110358
1727066526615934216695204694623446090440150311104859315714870786514120083142589834634922863487715818356131397515674034792650235118002860957225571849233482
6592747324420679044879476309403229225055269468284110174754908328676571460085785176887196070600525153862471641520480201294109857570024618234820309580849615
5544750174451787510614681031890449309211830511374781366320133338354707394778052356616010545620437528716968864973153392271151764634848062855740069403982453
6694168769777300761650448338807199349611509730110133874121177234003141155312038539202854266255718655056819740920157113473835358086615721561281112293159398
3048931523869851116301842638105834800791422415089531354884781765058687453440471073510471827985683810163875898854204233878656148855179478753316856368027351
7634277391198024996462942998255124996751202448884421575105986958346395955847198512389668277119713794657235712494378406098534769493853483269490255763280588
1343090369789453879101854232371829697574860215567961227398345990729055946656507508973917521494286711761910921362681925470952693666328274491125385491911537
8220646861387720805231669108699030832392591476182623762644548533472289291979685888524122558300076563389402572941409337880010447850105712991374486663801398
7461470182893310835216454104130874700583610418425761569111492104763668881514491815641154749605190609061905533720706695779936126967646453725673863743603066
6206559416302588841903396998205120000655484935225863704893658889126403105706937661289943075262083929879031878160402864641350185940969333151929669691740607
2000553621698291786406351672783994485587518979139425880677726617511581847188659208626014646011715918110825011461990613108262470008955985263798543992345891
4156456264270670546762931327577734748237591153585339511722917697139733727600909329733644570904740222419799659484732728391764389719284845248706302881189595
12246586427017809918421122291749100907239587062319255533236222814110695455091891637188332555632782600078063993654299117181487643311240561117546301273400281
8832119526940185041261688781335090100669213244995904315309851007281666934771599314353912955957971119879598779563069565047971993467504140337515399142652664
10357445815176481689471265652084162431890293927579393734904833936294843527105078452282147387149786095016357813740296601013589043310765931116854371630122601
12629986762687742133363718187499865664590076486851852270200104978390434065103562589145061116928819942323276069698538366610019357516595575950940698188509488
8185305233933822477151115403596430885518836503106314804515539877912038634801396186132225798090125800509265680714627335998853612845457511132581570583997148
743323221249193087685631212747123948245407519748309189581565583618153859648984475705039479189081341766219301889197511889680236270708066434049017191010991
11990265233737015358634718706095368377976117362047716193081607579169130456043849965848864905820419430296477474516430371126624086966456212058392460443723543
1376353867481568177920836151411070001521685972073058874919695211175296141955661325291852826385177117725751605308991550612213123789651442820607639614465705
1229485686973682713875404916386271282942733021817494812249144953534663606859442960489668209923659573411372038076985433096938546789641448307611602203572651
11423368602439448293068936695758110656329254005040673110701920706495965938520204197493459363352631525389532191210088569001216358175707373348052541165622265
9815957045106019299825878140648955767423152115043436008681251270733069041270435308517924515996364984116666720043924995577021930896196098222293647963144310
3320257559762621414430465539214401584334603940842777019871345336990060956285497950445423068611876965759648110805229543820450068565586149183505920595097763
652338334789318854729598407956562881229920422220982884024317464478798019354494718268275461634523207923466304321890939245614922269204265300933242594323653
2182383998460702658762412040591600657765454208942337566275321502945289003412056346354682479811380304318534728035870265231443593866635963881043893427253005
9371556869756767754052407230261859744969936416087505929146237182119079941883869172614917588280126296922573208230406508015263918576951231962803668521319452
10531445311364779172454447162067994804144838006040682428623540514819739727408549943861305595501580454995126826364365051934448731465595832320194705843993680
5736660524178510562092807282105103521774176663464911142916257641888174936356874597677718960679870715024721716406008571426551911892205444545564498364460996
11822657367746886886644110520276179083435878051246903332239717532832331304086830419016096906527567319530492555931306669356706798804093330642358661764465720
9391465772322793051905441256071769353090687546317668640316348229288120682230929096437089866389049082584275155728116576207896093825923810844199494192679405
6265477255430147712770654612275570970223348747431857951406002373878377644693076187733028381474399036039735797177364691276851293100872935046106867223375275
10113354276646238428932053791993339026389027497704654338364662287352812858909826128025092413807796293605541854259612515075539052447215889399049977390995020
591728420635968512176076299322228613740731324084813599035438296520109656528362892855564731988017120252390880519352551848457344316986882360876118262681198
856385664766494565409525354005297825812884716273731335054839682063495222406767154284843675186210599471077247195286513865375335847449106697871808178774657
11652281105294679990194328576776512316372081151554257165784488910649958943222806647418947924121266844263817740468377208181272433283385235302896987725794253
9486376294460129578636971732664486069326141995577142580874759996099818972314848081000667346439284252014764802553734072843459890816598526009712806516960180
10268361719547410206363997324197616998813333170969187901253802562726518704908564438365287778339648987160904767019580593706940872272749079649320910326834436
10520285019108974180121511815615051884178437406158473682003654380316112027351608341874241825374970001897813759852519641311693922476531074394821387134014632
604730230688535367766702551758040664116766331994708879065795259121051157382688780853668343374838851958910944229983329748495567744192410222314324101974045
10633236089322753650237436714530470006743061661438117836247603034321247001552459435822574104083805875559453350927395419752441290833252173931909996166956026
12717497498276845900851935993318864764405066770180459623625012305247229038314965649306840326727873706258021304995517035088312495958857404523843056841865874
3358472971815502722044771258349083292982276871249407881932117775255594799874443930140133541636501754034050142811743673688114292017993361671081186534192998
8249782558321259330096339544884249014061214765366429339630745056226978788209763119262974440633517544196550558659045058624136921392313922581012573900418152
13256546001121351586470989905849224253606857988204936391160004547783244694978273549282529607636555836319010977872668673627876347581060019448119509773604787
7968754345386815958874530949032509863288936158198741211030288656666142976427677467364546790976874700919251866066780732315998973593167324865299380442737692
7116841142743630963836798933186541278868062315007436259853707889704926966196963183874350680107477711979550658078922853628799956001663369755040954034982701
5117856938616187903651770557182176512698712346677152293433531055231146691615609099778965132306593606356862165632123753660406385980642240445554538149680993
3563594407626734779530133077852704827220059940982417425959223899871699531601732406090451419889841809268447380413960287740459432374134445365504230874085208
4823459420562479335242865758383989753475071607149096974912454453872554473803998615382083995925122774662103422653714889204149515994392943445583019299557177
5751965125624343401699234024172032682450379537643813508181642779262051725063714494920250674991334505913776277160317222034142964255540984869772040500780
5365048501329329755272122575329968786600368558839647736624553044354808228052629092798643175169304878384559584330729138592693116087374237865529518487064755
374483521364983158072000954920834935759002885585143556289883705576997775788564661023204354762265372137541006231557266503369672773768476361974607372916507
11723875455473174128180722505188789373841372775278909815031716009192467583626009223183151428230846053172554326683980819463968307425372624432967624620021575
7124716859734481522285088930901272828060457644745260024044619975953343565859098040724999373859529451370510257960028921577206493213100826877739734810411762
12167517471788936253990145063694557311756679327898805722948132967310157686157145715496552480500048645525528398373045308177994531589853624314780668362843241
3648218060023536695070182275537697060139764601106295140915065570420177282375785458541101052278911477976235420509523433816886899196990311258887979721514414
4536894683919050047991665541356183761264229729940687613766959757094189042526380546393756095793289662221212074429507723826166991173413124246421762870290568
6842879949799938513392412110113682428621517800581825592122623864240846801220873321251622729224249661174783412579396922624677952285956536998864292024400135
4162990125040376966271882387449457976888104189015840917651543103068455026523648338621487432785110425765216296416390143709825132770373030563802831629031274
12335577127103408040497232517428881902952654105335334640316856018444579171012174841632593187502265382607141463651744660565371441904925802970850901979652726
13147618277516118751237751156807850224295992002713701549102225865018975288772241006227205418053394944914685923839777379543058645327421341426059003294504276
8348996804542792908445784997790432539811561432728477853057875685015497584166460016331428430735720594106822915450845701919142760422954254662978808322086183
8367128352268219845853670473418803399971909209908824903262426502274622516311736734499476388423287548359941371897358288297324689115752251151040673724756810
6830603551550713734032428648165809243505726059092357132512861607931854251591053327887818401830591031210680933934392779233123883271182218797827228270969180
1125533677906273888455405487290260647895889074940617145740889734310339743844380457442179023744944414000396435102901009632674555725376716329282425313749742
5628058909234457329826006966124312265461662327795324749013931233738250559807907310427552467592639939557977136708258524373448670110267609582737586485790770
4438062836963344798884269527161252791169876679079813360104463302461717789829183547576517027717340712104135948272670025090343109985340769076815249753850963
12644727700324319487077292080402059827294139790995196606193673920550496270252723967293819012969195923019876569285827283914641858025603676571913844269569568
1066631828807969440920615970217773956212754293966381358117003024754212172272770708277164767263119412479076195341492021810321521318199050414036810092779817
10497479888222299423628841040510539233326283383414582504485942169652848751793860041676185435269578578802722492127657134188349134769035942551085968238168231
1847377798907170415211732505225953470313608653772338500447401468736176494265605352431858874644974419728959196394634322236693592215286116411119716999710629
3586235230540362226362129972494030426094986638830466948992312978139917342258277993034150145197004319612924961522061911896969701264052036309184444148623520
1380235113691497992433695385542588584609199801895245454038009309519524822417433171600113661703791788639505849865216270789258652858457724752287252030911784
12373044458088888667905135676079296633182253779080682624984166261695565025741062041572743116707458329909864373217685410925920206225506030369318145170717825
12216355366974885619809905437549513560928368687305631923256006023118294180068090739840378215861053336516257544774000089736702112233244618248831756139897902
2923128395723859923938235390764548094837237788944269464667470105177471402527432202398986854809158178295644889105926001345768218061685257492974235294092183
2966992004227643085274882121369663773096599391994035937721714208647457096231819024486208724298379588390723109476938436197578525239757866048969556425564918
7081417405688298590949562698663952580213491212619561125536881470527303374849635226841735008061388577348157355194188197743984323151330273136460806115345810
11995855435816233573222197289833812448853867073684386405976198975092583469545007999183166341138435729561700244038391632966476809308269276550497809569350928
10045006216810584351302720942291661967031943328044747020127794984145597525872338123225417018436054330082340832723773570888290440287555835638318274844867606
12410718730165439885860093056978920549806736096765578880061460869745006125491623435573958071857421863048556036159392781295144779554733598554605898564577507
6113898042565323439495325305651371145140790277840752441101986204783869274367664158107838817392084341157997214477649327653381521321148592578418105107471982
11584054257114466642257666418543028486710273334878802212252393490752257397817008036483860637795910083097213989530122646011939361693602869249518736930198347
10879590565792999766298277765273793825955059277923292579425320983570915943539042388926830438656519073351281029263611181008290629944861911886139339827067615
6060235368321495392998751427074028274734236486497255731599879961537265452884279752403658828692673833616461686099232807713248375029028864488716687992194844
11183935644632124339363183109735486766354784398895173274172225377392688434612167636844079869438508224171497522061645395429269448574354850480771243458976465
9785567007428062199689546137310627262060182244787446233235518417279318286174063733781074147399637009512155999245061292760909083797781266467806259478720906
902303937885114064581820352853362414338165077074165838428831318722348432348875990841694505548636450337292089813405590384422065877332843091699031383581440
6334025154385756363636685575921705818480865901273470387086264731495067299035531499303352994256406658100823994212664057197476577488027176482967073664936433
9546147655194394941182866375052731894119567209773751792558363595794234527428764068087405009507542168190147666568592696035735919608559968141948421982904226
7374225678576993954104831714815362459668997879920736335137567897667615059548707868205242184132215559442592874965888653992463955434076244506091252362442832
10513706942120566802697954636610535615894026120501818592926954074138301015534670577614196560783145359625402721821743796365058914822653494425760470142923066
873463259313697380383319255174710183666114179192565435954255715658929480751703633162652923188527277140941147031177465421564156551978327301353548763997648
6827222949761928314277149693762555944801070932781395747065960606761244886863447833548138369019541234924010905374298949039439997914279599366171690882529350
12303284455284687305786673311689846476358597591904680598787860379823419990702347871624532874517659492610838751104693458094495288576174866120502227273657031
1761231577677967437740264683185882658753326145314281481828738582600346681366030759333385313908417784237264952080366627725030894579853987837445345317737796
8682507628116808328779191348711452350394206845819336632566695528014022056821207601837538152703591612436854391987641852043870511857608795105499565574021284
7256868518764575976025920077812622971932391897852906248075767842804786739282997699479275168177109491366577400225689015819638096200599306906307764369174647
6465282498105002657789234751769976205106829399591234668739027993265577051043670320675242978700699189403057674653241320133216135400885093846344778773282043
1307918620581592246346211391100459141449282015112439049335780856608952952681581897241536343632227841209452979932258014242195848903168718103455829873004531
8112599307055701516066809376672123584676510860192880200750955952044593524517784015875461482770800879418311400087187301257454285386908692071044492982955697
8221186551824005526419955337580455367386142667338904097543706018622197243081026153099199137545515086016851807538636931763906138939900624290598988328787751
8959848134398180745215670807030261561347054142106897290580511939909134988432139347194965012666292530312282478319544604029486207993568478925423651269694225
3865809229318926340890192251721234922288692446943517867067532341858569269744130043009436915857962047220392258052570184867108258905414430475180754273386952
10872589800219011954040172109229836179061917404632067948178074669784005304662807127416303477633235952773661827257828239485845394319420544541122373680059287
8346020356267845059490330498147161019481892145497089339825565265609339461973792439784127561400532815519067017560336181466473576237400536300382244161499812
9920325240265342810796253278760434998868587301234597555679622438499905916402810458537303057534098800492032556053659208236219939621354889728354800170037305
1540912070985906880536649849096972242918076084764901913153734308229403895739820583500309851878549842908907780262199125373996816458359591706773836002912635
9411535761518625624439856988684148010160664737211933071941083057289807290100409632649746732567357153333869409336201662369934280763347281670365099590463535
3242774529772984689617410524364715947923657653606347431942330835607795384206617474363310547403391345513381201455881804951373362115065608966418073280810124
13055241808566368765331774776145762267615213293451074264947645161594291710347878501034973975962166556526573061700225710910726890561039836593287905158624901
7700630328737817512292106031590355107111543704276627106751115005623512683066828694383866039769618321170338065537507298145472608103848348131817900665680575
8464211501307941953577710038230768069915736761844300970364427743873375041298493679044731903458239246687238844586226345509036964354701684399858554667625155
5143835962161698013551042382904064406694405768884597800648586635011653080329725448077264512666722030289385878416675911499348158331638812017302058437793008
9174666876532728002916158086959283094064992341703463532909218626738639329317066537808971951672507901815736056296758952414073458308448547055332962832207915
9989311397668603480145572662455539780425403842557734014049302474016631550385794474217628213369006113142786407144347891759193151926755749413889591127320054
3642827771044130582550810919083711028765096269990126611736909636133490150893581023871958563109196000791985807929727768399489644124422518383051439098522739
1424912902803654553370561478903097572501106138492408620043701552774892867108451503031005462870710914295074879524224738049529603877686951739854538343204202
436317644840979863914911144622654334073611044437047583981275020012945803829018985013751089263061303016565698676791080499061009559109595696248863439278911
1371714289785296471188919033336369596693842766185661426644531292813764587757904552622807781940489618445303602784133692686906948774054131635233352171477154
9100607682005876180796196033265464723476415291894926149904431819159700923328177707074294108398309844049825178480608710188566452811693045574627142008257040
4716730761612193787443987336650774966368828372397834059656267659883419117081252402061766506058945477735855282831784183339573319257848715515786615965225633
13001224782771207235049764102800216440144294433393705313946213690493325380236695390341685745233839515156983700358200747041903273071648699293505766769828833
5523423236407775184931546677248093146535520120786897968378990004955800994986299617408561469885582804138041153492037771175319483312385564999403940323498160
7701883458920852561142859616417438167675004334015584411479773920052977225686059436596993218494444511678687404227618971732795008706734895461513009526340412
10408924148478545325551790925944321978760644127782260842873964191203110096257102185453840026046237273014032776140425820011102613222783033826824172182976587
13152555776987409217634066955507944300877880609087387342109106488724397159288905215360016166164326325103545105193778098744919709946527704307148645388354355
5145565537346589437735713946667449791648016249155262066877566327702289524739978630790159269099594166467940467202091594435595390267844788892329318963627319
834613590386750971637995091241647453439403675297932154460588056718647128389422853765183869817056987298848723701297069506855435560623207928084011858058941
12209742559003819486660243152174538642847862051531348018175969107468568024198439333745154460110264207485817264916939261860424476608169156255623035252840580
13098109004112504941257352907514163554050953083161658335445315818351432720638928426826041904688500840083563056831533260736690390100207659044032232516610311
7891737702059788603573760320228041194028679999811579777579147588602402920546906778183034942807580256262950992510612450310372854827406746525138049383198324
5373134462813528241145049874384125501931247790842005761063176248049081268066191920921103559712245519037479235418148205546481093315178110000584054740163425
6108308574534812033092287059482512524457906891894581546703133044185882482782438143032689722912997057127972368213698209674134299574033569497648611182515553
13047948219313874413255196211365792533325870040290436522607775137794145895270815587624493866663509410336053127225941573887519759748122116370595127666014192
12837389031862311281162696128955504845023033550288770724640910737404093828528961245533438535393954153923522120674501694525669353271819358545304088972979917
8298722417318817722214130540678230365145166349830554962558644828161162207869361539259661780820627715334697390837794019736937770549554625912316435434321741
2522593539781239771713003453848884837359280912703734746553593302932862490627079064745605701088229322500270818532405336024128356381779422986892826522849148
4541854322502891685974605010681051872806155001761239203151253609028140042622573013853762433630989413813381467871156244341996816414048645353184136673173746
6010052589286657573198490595529302073459106042887132208079074180800139381432058530229868727079067859659759637023222337649010474804087205346666964380789357
11672439073341574758913209034385186254248735581213896518911626540246488642418846044054696877002086662703772178870480653034419914810204691785134381130236101
3385341936645602882481726713037019898754140676125240360615194110202781326485787613899313272632039589836604945679301288908658200284381414916101692991302382
2760942960947895744197856444406011369556588033861230672787887118256958962218915661870281839218391647603984920409307896323995547829800586573797778456875122
2349774843859831330750831497372989504916081427856637860996336542940332928893128799083393047074550111140439634379357153022685850821784192562444523897075615
13229823925627744182463008637512183152035863498074049541990686357536243142110295129439561932330229125406772229346269267206616150130159341040278289415856012
5770681329345021404392636087180919588455665623817087512281232476636450356379259688810240348559592289384559905776883520392788913323288992349628754356784142
87591494601841877238060584033159012034686393300836188621153874923683504967923597901583618971399718366264983775532316450603735239891306177157608343725527
1984918088636721835821100618951151004892726865365038173242872533596393958789682781022990916496431257026050876743021014382294447050791791078055828939220582
13077291963391387231911867569821712935541591691760200199563793118288009677852702308788896361451221204116464581517080544825153147111296528499125745472510077
10707259499299802789902876806079164178906661247916125260668678849557834942907940308297238705294034219775089463213408693811148994273213674850241844099251575
9234415576219324965556147625693842126848980351472337529660551609742402624773042529684301130603099497530816400085839377710368965331788739657800683510356881
1204138724746620452128175261176660322466357563152413208524417830233635764666155153691197476941067668137328737270262041889116842030638449029269484093262787
10395036152202254968402141350061512918280746848674739226545593065828600839905426216902961380542026046257007268407550632499673696139205740694088727423063017
8349607374648446197748839867895176926967061505149285440480766607476124427291164583522098448130698563306601692759708294363312787395973868897975723935414544
9984364152547444008386287991755563145506403820800670766882272402229161901065387089592342274385458961677120548386324491331454612169682616185982949839121147
4965174430717505959134819703842365139886371935916396504921840089460302972577101644671626708994905878492703365404893424120917051030555823399754115726603401
5329120232848406802192158989013843665433862400619771446540758848511309837547127253635141409993168391169473732538999318481728966396908275361004616844620622
8339841950077466412421788448339659110361408111604066426728049379596826177385372493606799851960949769488838684387907978653833708344666007480404443990663931
4075903550529182975553616477978231657834439628280211344473445102550531334003697910964722393416286489572769285239889510874512852175784540767532760969288226
2150534684846816715939330550889122412101319024827437654240669599117793222149895803581897834266316733617099579620652013493816688298205982827759066098274950
2368391941529707188233585355582667622986102366994349270697655493535909069532608094780638789745621817815970597226286368605973628057951857912276934411616627
13229420039134346074135193362230886666612734268481577879803298380462584607714841768355811534238868112600311072740841108494994252340967559202397657795349419
8497620253256724611726241309603060040046927104839665814754931626449492945158320499931975200971657795404135763537386224676706407802627481658869202268596673
7475269978689594901059138527494508485471298667259318016358673026568586709493900147077423660906973658972701266805237160276689834320739483456458111230342883
5396505533055891328224852969146336747362701128647057423774019553945821450253589692795231838750636888340393431949488304355911067995380801819775714602707970
1337696415863449353355033147910623247190334100309931485284524353391140516935423098872195993541906173890433308516787851057172526679006394619310213049728801
5777060257021949441491987046703572344195553962498666227383517871732477109141393707455618570273986673292800641007424140018848432213245337344990166944406550
5401635648348767885930346861708890369064398950450280112269624853423652562765529983459643039924612311750309928092182166659630896175609427347488678224799696
7818219284937804100100635498963634109874730033944423394603606619458098247742435652300540799383174374893977939315631995616656779598021233949052246648855985
1026916700544725754275698903750318367258337192260663623650417263668676938005716170531883073208135895047621695815225288432297138993682240193921756511747084
788102888195888175258353157886197001061932311271024821693105243091584031168212892711123027558632969392848155770787592392626199746221781225909632707370001
12620595034409295217274593572657157992635415399174637897807327902001244744916044175559334670003512746414327330148456389284499825470047190535327778049905881
12511051962963589933782833286369053733493249859324042386349092352325296257252438037368284119503337294189825448472534218618554068899197677084814713697483522
7322428955742926250847103924620549634548522037920215745948801556847822860109424845999908568780747150640070153871085146365920015011856119031055234565836218
7001329518277064437896322144684188976774961033675010757448158820811037004610655374282896751866384313263779949904189731456138461957111909939848226738073213
6971563179238499990800308649248869282629739717502467217943403253178299750653082353646998483435494540755046748383974921147678100225301467468385693061805026
6661663983751503040892871472147579318998848329303017316227627232291975022131967469364749707769501683353545177261909758713633807209147219469388975844043413
5463335156553218996903697409655346604625563600266391961295563401038440150812131263606158187813060045274712287165680587855595245786393953000663913971437348
3793096911346007166656730614471837198395858720191854582005826789708036779426805342394844767173265891009370778312398728916340265869610640549737343987583603
10414145637794620693205516680031748752457174365646804352459088029067611061015535523907847858488058088000744571390115399241366001297349687429129150246200864
12260857489040756018931121727428895682340123031147350644842434850896613932969139902601859519664839658831377413485402031827881502784042003810613687824668780
3144002978403282589737201741795921747976840556365390873948771801211429020130626544306404560293449786824307788046845570187226545942253792008095470051190778
5075298328356101652795920362526733814109563011448890760356312795985347382200078270974323816411891156643675288855376270496953902356269323546020590452615113
10544719963685263976490376023521586694507196860469034822193122728491958699839505385750967805358308516503779632801351093942377705428811370800138489569884231
1783487990817601658215994661929546326519619996857356799996251970818663598136483208723191480955234706558270925493257511961878063546954958932832905905272762
9617423243649762863467352971343573899542482440665889463414270278326823339137076505006015668532605739541496365361382812440745390075268478455007721421620229
1145949407305936620024218394442794356231883556251127509654954563805877481635166679656092628308129571841866183862878584139450038715837845896501689782320345
3345038439738476940367879765476271755235593314409195777552163084977993615203899668984227903292853470352727297341163807923171054742743241596372227597576669
10709011277564983151776012662278833004642181156851558747319726547629586269881282240943652443411083579463592154408073381643751696334123879780117390342179757
4798600730493631936963528012943113667619261468502147890907388709278543314768016895262457636079755564208810905671682013875573054406131024991983184134129958
2815044840817692877698176587526610152512787404377908737480262247859722569411555643250614248269340179089095674611095688020775293472414293096838055713129102
5816913933817531107250258097054853575259466111604618582592971376077515584818143511798889286781265230797143666005497045052497134328872319837390392351995426
8497420301444800296568381735638869275095732587125711587390756698991462571372938470087100722950473424845007455574406050812743245829790592934550588218785826
6575920090967053329765270806992903270470119236987205986356671727645696808107371262240459453937718002691440901291743965600667498577405747601145753730697448
9262665372373546372282117410963760458292762309991496699539936549923941468739836528634634581910626898019945984599310559046206629797718580473987491926316227
8633213379660049204948869520823799842851420398725806232953361776247262275611296242687273446657093382071625146003366378088077592910495818556281983115044525
7167226884012823154795705365227698169115746579070886441957014543027266729848769200700939265472096568112859341361940983519259582038583141670834020339478613
11815487978603653872303386205128923905158637646855834893230204234373517864133962769419382896643507107980289775497231677494620423672545587851940307925236934
3549738304386726353982234494629234684908463465707494677309012916280003868939268438222788617383594100984477210248967778458229220095215496047829738856443407
2424064091299027580840711917594060908173920586959678502321822877165506034398810737272817851755269399624167210130152946884906302747263480416336169029880467
8015749814781832169774492612959842041084830764879404622498519311302024347212203461319092717584102010346154777897320457269757155287583386969383615477768667
7383024548961032003509867051453566542315009885359064923827106105869167777278709566378607632723008670395750655184176864092362252195075185944566818523682107
9970328591196847261033177219215660564057855263219797968872665697496592892249385514546126846348767039008914723338202093305629793194104123832756673554288920
5062533454054414116493102565296190881744254297691047320423786901299658945730738344611440439387639122662681720698713124683677437825267928928244672515757187
3144340027876615423291643955611074590173746786088379684675491052660727471858887150106221239540784158206081608231720297579273593772197500226636226813215248
880181824150354761329347867960686061888422317495233437414807313850816184347963246870939982549069902119434338483477148736107290138418717053216846229315841
6391371410410694455252583939167687670724478446095582369110418760814223498505656009553187624174061856777044731424930793135071036785071684833742992529549275
10024191857772940185732463368559328579719445066593462248294214706761825494789743411961588047647773741461474914597227417395795408044385222561945789321962073
7817006641483817812938766051864517608682630010882520683587026448050904029779229076374631996209263610902443592191839491178455938775071005551712632003297331
8193845884658326346385271959851039341822992961356850434126038386438184053107652823132613193500350116289783271599243708386916258313500946899299505626514943
7347292382923101846573102910741521730998124140024975792233475121248483505686804431863965045747145526299553029896662507963596396458919354197581943539302102
3025871946174326172176249585037566600627613348946743190302877393512695417224187006908887822230580694825322220100593428845617235314895375670440758990412223
905137275303544642327274588660883996122976443569618583520994561667576616611684783890732415482832560395540353395354966088701253457208396294972576959915903
2344250728153478526463321707785516936094378467485220264219128021640301175922688058479149082202926048444674508121081855474393435073842860348327483212774127
2607979596902479715368642319509471946457927805536582553739366490278369851399159980609721015321415369616545454360588508420621022317784616461930877012887359
4087950262218818794923943851963545951824304449001015820347341097822698982820630900683650980606690042111624449160754920099945851224596168285468484282880672
6921290374850731180617191299351694264871123290114295902523522792632458965042816124583713984832913688956531744980154764126286192284528599879030179249410959
5348046811919677312764207925869921707084408233209894417998878886675713032822253605288484600355902278341987451389707463066973599676673778599953024517764741
7986819443137287854386619676376989485767927968623758396359470471744834010389168847079279295386084479285281197203662816073924381445278805458009701281825890
11550351565119417049638029798249030581667316494141946595264676696381643062578977516643253373686219449670123019625428334667426390535464071159193816479410190
5012340037576962336128677854350165175726748077751980640216310151912853541552128827635827971364771065597307741982559039692092262269410856453831524194298330
10179705835038292471066003970378915126284935362102132264944386005931835158684157021569575175681605747741059053305062536992408489494142247951953358088757071
9726159236890653892802914174730073594565442440920432559234384031106828326443467700246123430731145141789516722843243857136624497433879771313531662873249569
999003652584261780645703184906408203431790063302686101085207709368243043003528044197854929342711539690481155098950732080366677020012784972805701665811014
13373534543364764881612883154419188729362428022713386637885203125276643571357273589216729825362550487512806935727789131218507035593233047586780943437777029
7961211653854876796850768462560997745598829452728657870396621592700271046350619999275674798797153212075867069328843912098485206230882377438798801380046518
11948964271805890971750878322698093723288620795579852733720044911261745789883435731107612355040414969992604616410619681733932626556434976883903227645189203
7003647630646297715293305148739380146425113252174365978400117943200043605739265921799178064589498886969744489175860444361744439624525246901007052282435473
12294032316400467721236220863684363623733378930200939134169563559373495683825160634932388323716902974924877200968539211391249507293155299456447482243962380
8389058260943741719304455549073863640989888590071516000961324424827234352019914216662860141455943058211032124803356700695770805294914338538122471767606354
5083074862580930307301509067689467698074259238259427300732495768150490950206307394856660031923923616379371448090941860768391050448292341644952275548483253
4125945074429818795413967631693067833053090787301030069245221969193415264708036921661851017459456669361874678265123039431604792494915281822366906640440166
1852316236402101957003159846670250788536030862141697738277982390940743862481683746320882851089906730934475979506649157640187601632420921884127167118725910
13380839530988162714136851501148318686615349080477466408050424224328191055726267355203294029734960030844912950226214295289548952931091281438492020768643326
5438293590305639405080790552998650846017127996891228535801412015647290112504999777402837444073842940675202735672825164869922069287121313057654887243085318
11689889466271866277880852314437162754526904508477035580122429137934780349102160391402274281688016342202231747430368907973015888290391856486474060135720023
284154070739478998801642348296403124015524260569225382668037601456453010876876614207385249497709906113811666053332401246016077901283823619411677091009605
10035863954375899921728657922236733977994615682681207094773664055850510671990061645656525814869763197101393414332804120583312853362612415725789719201877005
9010647694400510754469913102840092838168661118850493901109345361531130767185202724269368282125033415461125116216821490281684886129757893389128569704386068
6248246759684263900008286135790459132050762177603994877838121450153939948888793478289458034071021809690148142771264737505429785590558612126251084544473169
11725319456277872118241260153991802398180045743965269887078536266414757467951328082279550254382572985203979040725122935892603481731065953443889026809608530
12638271054097142320400077321778292466812480613604908305093038759706143747457489025913641712487752945744393168318507395990476049085590576976449968929016605
10595342505742015721510010299947048483363093393956184805367946727018594290084326114547654281366324706880004039568199670298189542043840297933915580260513082
12951802016689013649569781310679324332009986548425975408923807895283399591608158725678467637208575157853124001570643684806405237271824597649183525215859366
7683877155239469235527979354204005173536013724374562850177082622479691249838490436088869569800082217688482269034261846393591765099861989115347556193164120
8573185598697273735508037883492790434025156090972576809646012006923999252292272549858922873401806599080864604598326340532832311906040415143820425816477935
1903748514103557836040023655731824470645995846499090090564885195354442865825606061939018247277194809783080564195941173169831011348635190659661627956994154
955989414162829950605369192886309770514178509790386685001586001776973088109667151605105698315173297104170387782502395956992361294546134490801962368362841
93199513191616006325879417883806935409617394171927311469424941876601327796659330459853302601746730267805771172946366769174145725674454459147118156291938
9462361347964866448339906930518459482257344815449797383456562988506703580918955325867949371530888687838270002859922655720068396338041503257494716735328215
6915824216305528977687402509048801633073415828092184430581413893831731033216804619123382618818252818594937608687307305903331926191773826218519643261726683
1824443435830419565018043731526977535633750758957625139051714359190559844644435769698749607621645301013068226719107617449984512372296400337050041155395447
9352549156136088215278742117202488510259677184537889593970587573367014985256380159557439066536125747470618782798662095738508270387732128802646162026094054
9975536504306438041138946977137211195670611054980685631576275368246877200327408966387893885593765665081053342996351809481201708674279437502479987186761898
1618189059964176720874932673712708963148410156559735054419081731491973351755946363947038191757181447152622359357047549871289577627843185624610040847323806
3925928557676096027240983972236633717210039125096641498839746376368736696407992256226483830886837259044445206251570809586376441636151957299703121479043870
5325310820399371248927921548472106397306128730083566085870671651814710220603001565487069960127846457387983341226864247812854438082549157137459841803884567
11231841895069714480328942172703816893680717794762516338345306310117553088147942083198734581161648837371117215224736756243395843516235913047127031061267735
2064555541036154636232705933802019695549369224037049134380071449905557732172250879324785485687580999097886269427621373708900533038980305019831829826538225
b'/\xbe\x9f\x83\x8a\x9eY\xb43\x9f\xfa\xc2\x98\xe9@K\xd7r\xd7j\xde\xd5\xef,\xda\x11\x1as\x83k\x10\xb8\xaaP\x7f \xb6|\xe02\x0fr\x0b\xf8\x9c\xfep2'