V{
    200
    153
    4
    201
    102
    46
    61
    183
    209
    111
    139
    168
    12
    85
    55
    65
    155
    75
    254
    19
    88
    83
    62
    13
    237
    203
    66
    206
    145
    77
    208
    12
    123
    94
    187
    101
    198
    165
    95
    229
    77
}
{
    24
    161
    197
    166
    47
    137
    3
    52
    162
    143
    61
    181
    237
    181
    129
    192
    159
    240
    8
    170
    239
    26
    236
    195
    8
    72
    30
    214
    159
    118
    170
    17
    220
    82
    156
    64
    75
    67
    132
    198
    94
    248
}
{
    238
    122
    78
    57
    32
    22
    165
    123
    240
    33
    127
    220
    15
    134
    52
    137
    91
    177
    199
    113
    57
    22
    214
    85
    83
    197
    149
    136
    72
    220
    27
    152
    233
    3
    194
    224
    40
    38
    230
    37
    178
    137
}
{
    106
    214
    149
    91
    52
    151
    200
    250
    154
    35
    135
    180
    131
    221
    217
    155
    232
    229
    143
    127
    33
    124
    79
    192
    67
    200
    76
    149
    202
    94
    253
    214
    204
    190
    103
    57
    28
    115
    229
    62
    207
    12
}
{
    241
    123
    229
    203
    236
    69
    22
    253
    246
    201
    110
    136
    145
    52
    102
    18
    84
    35
    19
    92
    151
    200
    99
    165
    52
    138
    130
    169
    73
    181
    242
    217
    31
    81
    176
    133
    138
    180
    135
    158
    148
    8
}
{
    172
    210
    100
    30
    58
    0
    53
    249
    153
    143
    191
    212
    244
    27
    43
    32
    217
    140
    49
    253
    157
    84
    220
    190
    245
    171
    23
    195
    92
    159
    138
    229
    91
    130
    108
    170
    171
    49
    222
    169
    163
    60
}
{
    185
    100
    54
    43
    232
    177
    10
    181
    141
    97
    70
    143
    120
    32
    63
    15
    87
    38
    49
    201
    54
    36
    40
    59
    42
    247
    101
    134
    256
    117
    37
    9
    195
    211
    38
    133
    221
    157
    196
    141
    253
    234
}
{
    166
    189
    171
    91
    30
    250
    173
    20
    6
    239
    141
    100
    79
    51
    74
    104
    19
    235
    107
    18
    186
    248
    43
    4
    50
    247
    125
    36
    168
    89
    91
    86
    189
    227
    87
    110
    154
    75
    67
    46
    213
    163
}
{
    110
    172
    121
    107
    24
    165
    197
    158
    7
    210
    48
    55
    196
    226
    237
    35
    154
    24
    91
    171
    256
    46
    56
    141
    184
    74
    75
    38
    69
    9
    178
    24
    29
    213
    220
    53
    67
    190
    108
    49
    142
    148
}
{
    2
    169
    252
    191
    75
    68
    232
    114
    126
    113
    127
    97
    253
    22
    18
    238
    62
    29
    68
    173
    253
    122
    167
    196
    217
    131
    198
    164
    100
    236
    84
    209
    29
    59
    47
    8
    138
    169
    199
    102
    103
    28
}
{
    176
    168
    97
    186
    117
    22
    243
    103
    80
    27
    209
    98
    189
    212
    180
    58
    108
    9
    101
    49
    219
    18
    46
    72
    129
    192
    246
    142
    136
    85
    188
    152
    102
    130
    109
    175
    144
    36
    126
    89
    256
    167
}
{
    57
    87
    195
    176
    249
    79
    46
    2
    227
    232
    87
    150
    86
    67
    132
    168
    62
    251
    36
    113
    11
    160
    29
    175
    18
    24
    117
    66
    156
    78
    251
    5
    23
    168
    244
    106
    28
    154
    252
    136
    26
    159
}
{
    181
    41
    233
    82
    13
    79
    202
    246
    87
    57
    168
    134
    164
    250
    19
    239
    232
    44
    20
    228
    154
    9
    111
    72
    76
    251
    33
    151
    151
    117
    46
    131
    26
    53
    185
    14
    226
    70
    76
    48
    94
    122
}
{
    103
    127
    126
    19
    95
    227
    171
    7
    167
    140
    223
    234
    83
    184
    156
    205
    69
    3
    208
    123
    248
    241
    203
    73
    164
    105
    216
    235
    249
    225
    227
    35
    167
    134
    25
    99
    37
    104
    120
    224
    244
    14
}
{
    141
    183
    16
    94
    61
    144
    8
    212
    233
    249
    77
    210
    213
    104
    147
    165
    41
    188
    236
    227
    219
    243
    68
    240
    183
    157
    246
    34
    135
    145
    199
    197
    180
    117
    240
    92
    217
    224
    87
    75
    244
    153
}
{
    115
    153
    134
    153
    198
    226
    77
    219
    65
    47
    96
    60
    12
    199
    207
    225
    26
    215
    220
    36
    243
    201
    163
    96
    85
    89
    158
    186
    143
    1
    31
    138
    174
    122
    103
    105
    75
    145
    238
    6
    115
    116
}
{
    71
    44
    62
    99
    130
    170
    238
    128
    230
    3
    227
    71
    43
    113
    175
    134
    188
    233
    143
    149
    88
    211
    132
    150
    224
    146
    142
    130
    80
    233
    253
    60
    124
    113
    82
    158
    108
    108
    22
    188
    233
    37
}
