3.657060500339054556e+02
3.832239212422502419e+02
4.006400878420690219e+02
4.178419900792603698e+02
4.347228858757071634e+02
4.511847676148433948e+02
4.671407458110251127e+02
4.825167947918074560e+02
4.972528090932780174e+02
5.113029695817293714e+02
5.246354631948004226e+02
5.372316391653928349e+02
5.490847173300799113e+02
5.601981891814167511e+02
5.705840667157972348e+02
5.802611340293560716e+02
5.892533389518160902e+02
5.975884263745526823e+02
6.052968650055386206e+02
6.124110630374365201e+02
6.189648165161182760e+02
6.249928981118596312e+02
6.305306816020913629e+02
6.356137112146116124e+02
6.402771610768811570e+02
6.445551788138646998e+02
6.484801562386791147e+02
6.520820067831411961e+02
6.553875449515115861e+02
6.584200543535777115e+02
6.611991006926840555e+02
6.637406026122149569e+02
6.660571276935107790e+02
6.681583443270599219e+02
6.700515409542964562e+02
6.717421256877905762e+02
6.732340393774057929e+02
6.745300469406174670e+02
6.756319058650934721e+02
6.765404381911505425e+02
6.772555468921494821e+02
6.777762178159265432e+02
6.781005372262200126e+02
6.782257385537030814e+02
6.781482768722584069e+02
6.778639205835502253e+02
6.773678481496929180e+02
6.766547414782241958e+02
6.757188729437999655e+02
6.745541865153842309e+02
6.731543734407333659e+02
6.715129401333222177e+02
6.696232624726493441e+02
6.674786187460366591e+02
6.650721936401939729e+02
6.623970470419692447e+02
6.594460419709976122e+02
6.562117241643640000e+02
6.526861416758931682e+02
6.488605883801759546e+02
6.447252539940367342e+02
6.402687687915280321e+02
6.354776457871529374e+02
6.303356463148024886e+02
6.248231231031890047e+02
6.189164222318630664e+02
6.125874450187269531e+02
6.058034773416537746e+02
5.985273843207024811e+02
5.907182434535461653e+02
5.823324532363482149e+02
5.733253130130134423e+02
5.636530294391988036e+02
5.532750701442269019e+02
5.421567579447032585e+02
5.302719786604150158e+02
5.176058598538473916e+02
5.041572643016256734e+02
4.899409301857818377e+02
4.749890824218749685e+02
4.593523418788242338e+02
4.430997787892412703e+02
4.263179996640761260e+02
4.091092256773656004e+02
3.915884105025300528e+02
