[0,
 0,
 0,
 1879922562037963072325125556499104095457740584077567873217970367519076380025989311243974742849996920,
 0,
 0,
 1879922562037963072325125556499104095457740584077567873217970367519076380025989311243974742849996920,
 0,
 0,
 0,
 0,
 0,
 1879922562037963072325125556499104095457740584077567873217970367519076380025989311243974742849996920,
 0,
 0,
 1879922562037963072325125556499104095457740584077567873217970367519076380025989311243974742849996920,
 0,
 0,
 0,
 0,
 0,
 0,
 0,
 0,
 1879922562037963072325125556499104095457740584077567873217970367519076380025989311243974742849996920]