[2986375701499728046292727039501535972731799438870194032448686077588700111015379523989656344265832356804568374825915695514078485700565246619400551282066360565931,
 3736667540566790918851480920151687226651949574865446213628555843173298914328286618831853194999725879008060708900131637111266092688326036755608264528410086695609,
 1892249073080285773166421295687733997083438606847341706068903833873638783985700668124687938664458036516958600773498180481433304283134983938288738384275544315332,
 1603164727849540006331668321132396327809304294760303402126403764586988037451409447258745573425574693711981932370205733224198092239541685053172148789593047634358,
 2094156906819066270449088076433723698576128887374477076740185934193566735371623313412003111414994070815607095409597885274299944459065523815213349105592777401816,
 736084144190234679181342846266130117641989989975836200061403843479012058901676381660866041720042866377925954009842772430656634648669997323787622769099114498389,
 4489957908072938362640158609002469927174078227366070961145631007728545230290108125805309470896255102278957037659624626422436406420965190888997584770718141706240,
 4019588244433229208486272993490209125736109679765782420899789399982639774250476771415292665604800054800319859707227418448463015231889624672701810064622340169924,
 4246519213619271337294901258668512018999296412841038583104177760359948526143121162918180937885511545479298567983826258500549378365209918953353652604836483725643,
 1920038553431566990289046130690582165611755358034105972657098486518066247278521631106855240564918112085365189146387737227952888325788774726916416932455907307772,
 2922972401758331817392465620280387165696695723075362057612638620471530312571244689900359047437858306981899508165127518922456354183666193440131356597915127279227,
 2984110153768343135379173197264906143772674222420327779825656296042662762304024502284849256025918800499179396662396150867426857595435895416235167053084449020806,
 3566534756602948839361300208303794853310319068596839671552182154387102509907611721317851352384394754401482031772482080693815592072725130276067423385722212958015,
 2114296223055410251139231116509347973377092935481677566653231270500053115580678338620302505076001596657347710595424877953354764219526559884619322222258878255220,
 3414107622610389074215927168867075100378601111645743132318771275014933507946496471750871476205780199009394137767955997798718448541801951694655986147734581444474,
 2286368175429620083106411363582008136049657379472938348849727360243385429957842858091969653545914733982706884196643553472775631941159401537682322876101031092795,
 2039487134906794380057755994668633147274169890505579799386486272664105264208981116111948255090044561440157335946141133685300721399429372466234930871845224011782,
 32863927770906811539188609851505091089611059493987813203677229790332195885615827716623449157529125111335173036996404080548698687151654220562075146839584562715,
 1950909289334397692949355670730494809310177114107498966728041097089580657327256515106169986578427200313345796723856315995312237254962842285653182385425289407855,
 3243520696692007031308327003461258242115326761332382045242737929862087700523220262739265980697293652321076924975252789577757967660208432967927137395487006517469,
 1904477128669627654833698783554918073384288228680789620041214162576189310322298593107933544006194961328831939596608509190010181016311747336861115915168850382067,
 2640307149762864867465878217101299529421729014708252026596008561134311044259220903655779203638671526685664855193482696354375225527272111130187419457208634503951,
 1625680204076058793875634470119424389098579831472376736566599146399867002741866533384237213062336986411540313825917563053254502897399181032032791238369035923537,
 2517316770423579588054658728324826706430337151495401147767846698017586459366223163343450444994821387391625557999678195032711162505362174991735334915793421570108,
 511032300667507954719712484530864977851019464592466299411797871498019892040185250822432750470371742813398572211429118287803214448532440514645914171320738514045,
 122367346760434079338797385711727578752750920951269103873014837343937143609984850036560485648130606793997082428529164686025197985755481881035575890031065012894,
 2094879065124022282822485470449966311499906244171002804441672927411843759789647492219362858259284187855298506376282712165595568085958837910936739685401276781837,
 762244502671207996871642108525617519598022079103057149567588755026721822724747713246883834361285605562442142429050577409699888566386700917098919314436475750050,
 3338944966168551617128507579111712916423879556230913600391271421421185393568145064456846974151564660824733461720705299729484267062092648053631426335425925768642,
 1709281689883274113048916711386029791838508717364308540058600586593111783224632398482236704899358584092973303183484685413046889905011848039758102403294634230407,
 2452236623223731772934366922590607689186720347600133169186347282437214632501544402358946384366197565105038883386090579063275719870152282113402635954315486999059,
 3107050354449585284442198182098609408329798941896657999373855315746756769068528937766354179820871897416494868791344021036817721693073638816504611974725731578659,
 1340067627305202047036583588516095398735926056644713451675393699823573830006986045886192485508847256459709014451724890724582709741644836775038593610005115002318,
 4193115651794365015263788589665948159533188306673042078139755128794062796439624306505344988188443766391478221528464404201320886617625182583094751461253129522932,
 2411077476452245172812589260530134446478394584229479099893298428201573542231785347859550314176167125615456426131681660766315406715897749203617765868195833305438,
 3708876902671139168401028270301381185193632367700642812160567890267286269050817568390733389116760795036600671303192113239150242462180681640171519958950489177938,
 4528947910428499467447413944847334438225627150076767818285998950825916239552573447736245315352143691457558918727066212499931170625391925553343196206880474670181,
 383730098747437844666201274363855171814422044381687694665828609781368460592023584591350775054137835383974942686702927390741002493715904646296700744457952373421,
 4016098838464951420668212312808764349649735708350264613473899256720439441864906058206767397693378824054154224881595782558249926833890005721952075718252400247392,
 1167388799484345867895449201293833152353102302959524483063189109049370419937608593077499689402007373591703045813568196822201994207188057793406925293083345448152,
 1223271633511716370331122912396916459473555542998158503459525523339369343437697888991625005951153873131413181816474899299066118772601494319605637345373459185400,
 2085899889096875008500017541763825732538468614783050611272643473878841819508167525256881460751090844900787721042805334945177662211813117569658616050434659404043,
 2764020019751101886917751193278234784382304714797282704601942634854490861071803438410074181551405230814295733662974278492529748536623815931836934085168849053272,
 2478839970215433386587829250138143742452743494020935148657225586362623838338762422644213842552671470394659670725988898730032090235310358709366411106046684158456,
 1623164687659231258868716029597775091752226521625398830344249805523118990122106948864592608086472879867610564956875203689165755400941933176009299380637223992962,
 3749017442393422379530316078672774726721608791863260486186087993851332459077477631997137475830875225150281941570835808977325027581238697427376654263216360623635,
 2808234803951916353339251547373837066469534647583757642014303255053389196122461066857322817046985558302665459906620552607430609749424081690970762728954614718035,
 1144087310572819076519190108629637982151729458793180245056134709980465705392058953590176780833475568036600070255699061975208259412549310950942468375087588892200,
 2100038608409064056209036705852068130183168522808250771586009469976920050362641377281828287751999149808829729423986266283967371173714138039106404092947772254650,
 1658001505572854523353102840374462150017144276696322645052392804740003635168821974751574301752589621685863324207530314958464071574213939145918192311238779382572,
 643753390289873544952421967862566708117096849322844073100876260809971554587422637316335674908285706924482787990770002151533081719360057991771655855029866601068,
 1238446599187560678320460707466328571887891707746765518047955034960521155634649110234087108910111978402350593306170199015885915413404770704355767590372168317161,
 4106286937650621060312725061277090740897386793840290342121624904054535891972203307921320987594579436449724342787716945690067808968991008957705074884521605141788,
 1157554030301932132186952811663923777932450703803571559740230480411839644675434614636689264105037352342305943983744208383523111244850199759778707125080248506648,
 834144447672470480128686606953189500650040515588874491117065355890276533167047620438352297842687476653951820455025348730669443579892628651971512775573592883324,
 954442303257249661441039406495329719905184557079277363982444588228535761348689974366152407828833642535336377922240766881002812753361093926751575919156782009387,
 3021286158575600592028186745686388782718876260851103386185665067607105659759410235857147645296505716601412704542844456111678485410565980541668750893538840472224,
 3306136999952902088808644752049927691241419683344339583212024668348212365592389480673926089361517146793525029454969526035882831887139403031944501898728614130305,
 2529255553275370666664287572528469992939122559466216427536978630052554483010264849272325994720457111714224882816846430005063436195756557775761349892718728323681,
 3401719634538518698672571293528057588207965259263835298459156785839784287155076434185381150832904337159691017753532398674031672805932381514283522095495251702787,
 3053941356466565324247960428547055811373003326756223971855851641140055457715545367980215320412693986889861604360394753487691745886386779356363020258268681789818,
 973909403604773320138791827891849768201063420024651634714231054397835917801249259158129979504575402703706370964921052084982842704160503778282824565754878666966,
 4439960070895851380491830548509862154206951987791976410638836104227191393054289364736640295680800319953041676315605498458924698816234439932750337010616273763177,
 1267559034101677943853821097545725449863311864953978632259420711957547230701412987317158640157296520060466235487106285427798792227951504701920366027643700527076,
 3888816532532910498875590897346561028451529359277329369618449350670627241204505283607911665886055103361774485513482878562952636819582520216299104569897691041369,
 564969648441774699359572966994999726218116690554870931576841165200462793030514064430356027021275763962160592345266571680319213882591452678563400129304076680343,
 2727695354370526378884529050011403171424700486103597631340230213696109503130131671540207886405841698507530398297156897911664012037177185978955754982152048046821,
 1984072190849242545563926007282091863899818480948794427390950838620939810624067630077481507093189790867210727796973652414952821973077373480509608563654968105987,
 2563136885459276605876239704467636081751616297492979687523802277274916249241059487479827462776225430935259031703615046152545595331802189085594543838526876917180,
 92437347400120276789178986447038552408868738212837636316979338717083285541207545922811641708822090670867884713956011968358387861221033639378588365053453002863,
 4314404964180261325492074697691997565297348787001845001089319773257556841483640279308632135188719729828026492360925874368242282602612615631738950013362811208772,
 3206106564310562987518797596578196383401353934181024244332210409045439160673990555416004289498450032915898381206994530622658062470687434598894051003395131279399,
 470697900671803787842479924661256836254716737869897733997500663419267417055254628095306916870627894678612226303588467491692740489056172520451808319030622591891,
 3319520268008941820154881402023192273407580885986338496333895610134248961306847197070598650865007798962999373732498935154832970118911634040938476186047806519709,
 1127989275231465921177287810320214546707768454332643133384920374316754762992969961200852059243722801943325808375960013251993487159288340328112978664926070969564,
 270772028764331798848758737466941552292436744855523173217148453811525106227275710991749912873929591900115221602541096133763040158796801821027013182627547122205,
 3098547906517679513315185237925283646849889909180756316477006723217925242239245764924463610208266870254795608835188127135716346784680473484368176152659650976937,
 2365450689379887390689194465240957214072690920661363308118204564792630804620777619730827546478676957390635977392683577903700936556189774750704796028781114848166,
 2552601368493381325063771476965425929902028234285039075249395204674115627364909150857465807929593395047566826307699612236319596790709742881081825009958574721004,
 2282000225536522034951464079073526081165460451327916641573053979771343827384183698642113883408512628509745271400658005079123359005239633148102159113749395224308,
 2516337614906319125281108608808882900121627017307446233843324330382128238172539729685558069952344647464497901947990272063359882249745664461183296496039029145777,
 1508811711977119764960773078011408529697585172830310874122272907851206692080437983778124873926549751712388200374764904113450047210644362033787190769182674603472,
 3432399407628331913198922807773952552607125361726404078591084085005202458879421700675932139196378269813289259188973122113311442009718120724991000394926283261345,
 4194774151334366360760014815010835749698862604574897728645120602077165336856404772103352952592480699985429508100214697134969363653444539699004761826122775386729,
 3084037846434467804030198145233521133980578210216032540005623218305421305809360186197848878714616250299915434058590030765376067166586898217467643099374179672776,
 2368567552930718518672824957752167301053018475353959830634357324792560149517402395061335002184601094051801050911161736761586934036532709320785219605839099522711,
 2961760267492941343000610094220861097538679269852890104061580971550740992674261644594088398144944160350037475667543339563894645494867816350881875920864394276246,
 463714998256367440183414528677983745676971866981048420031328255706967084179684551510787372187678221755195873868162049355250807695261856220621363406236830904578,
 123048824046940402811001771799804607195004344698371576928784925063587101697137130747293648422079669711861345227848070172630872198050111393665148563897899232670,
 504740372699873410433337846243925145159587886407140168614383732312863854343116902018058495914652665296108622213493874686055086914528479867846582843311353573401,
 744362426259167667351503317576977818850888178166374435336205841052182756244796186660008579791962887514227813532042865615736271644449022981658926829084480250137,
 715908369975890471535149405592783963500568922247437698856155652872375474408402336597888112179002102547626610408095404778057029676664083987518230976103564266213,
 78942499528531647158303975127542620778481247629811594828816823450331992081071702060519374430556613139960357035905284242755257814195920745105276331304318061772,
 2560238298313774894447542151883808848339297435910727426371646977324460495284555207698334114893928974340450077540267515117341158899859443148004591541650428193504,
 2393198626347803594240550647227833843093264657019109515934776502602427611072320745922492142548489105494554685688969333112597406673997143061481695037671117205875,
 1238019438302125129367063155402687038876248322287785877499814300627630322447325612903957211254081629743851428595392943418096529721001818651203116695478555839061,
 2839232665447212241339935038331526354064164617331210603303800296613506038452033998848446555120774447723371672617781925468311191447748257332733274088658159919132,
 3811407996085648682408490169030978982172306512154674990591258840556723042284560438417989444737601171598931424969332003315327544765348381216307016325293638137837,
 498630949524541515819154921929369874877866372465210971960843999788616077023962247068045943127283020500198074527702764788948263436753728884584560760317341681652,
 414880942637919893003248999702297244200548135900507318713596245571324394874598745490050492500429046085658278476953654923643423986642061165117410030364985471035,
 3877573905891973725916209174386633444547387812291201119611285916489120478732623675459117456602081784560668886246019200259548700200480852842632400455596805633086,
 297544429563243832592036213693952694928488547175613332333533088102436154330481498218782637863105969144759087107627709698176289887059570320730284181273916664263,
 4540672405313970921771600431998000277216598061179687344847110444228512777736269501712695286259018172794125657635102700032640929628658774623148451526201582672084,
 163802417189524659649778343635196238822992941182332018360589712321920515750643458888877001897135891757785831614748277439335703219975071053069124351965653586900,
 828056045841810687082672825639016372344150499785034989420461529152759864610161728005839922129511054943613758708985805883785857939108352233911702123564870590947,
 2873273928215285595759230368597464907882050699008025384588371709383566481715569427334782421903455291112975330355451708058728118907698954002181601491452887252226,
 3024816457446241919891265134526677089349229222039559425562117336045067313719104060325226026996877360347620250356065093317745980092554136167660019826467665712952,
 3879978174476870194267209390208256455505475597824554433670710817239913244498069765356568594114945469256370471041094253440251352790099339752371279309929742588854,
 684725670602485223253620474032215826319227878469643246356214274104492832335692012191762417308511100589812926665372716368207823794967559074272348451139641520148,
 2633477341040719140218177203772356157494451111723204947365438863257172886157969626448444557101979727738709233327745506995198985968250018150343187684218609426315,
 1089559208624215639521904867685345183962496388128413258646417486566083424667769603727472412284791601207007557029853958665016398319497958970357530669775575834160,
 1854118126916929237906819395751360368700474518434373622663866519711119718083434708574002373602812121994428956935664623489242586012890790396872070878592827389811,
 1213187717846642436103544904339125299415820536850868464180563923130229499161496226520222332715980594188027728668943187101799659726238035352644211548337456765033,
 4278027039703902749275205533771792457948656980350240965550079414775238147794481978800148034532218552655952286543342600515369218782231685238862117996460720599694,
 3361982597624510808799178117518588591293442918159005090451153822636266498515345199574003155952222540795407209725420098676683887350261403252534881229370811717072,
 3384505163842397890361303255066745919059904759260297850469989918264509739587030613402054231063483410164743478583645672861334634620570138810210877149063626427043,
 2049883542779569449012235977370206144896386624831832669845699730388095381191288891142328031480524747719019786640860163047822576347651052394205687258361187104647,
 2044127786653163526218086067592210506140925849471878118995753534632767167953317115946297024507269172080528116043527777109650379088395973349312373613162064560235,
 3932028772252647350168676020593172066472353348310057529334675751870525056251832880471187577754137020717019079514809696887736319337486028500758950251554834368898,
 2001088141928051910142109535848611768572974657604688777472567319529965131362617287801307563342948471906278987747686701361503217756500745745038511401164107482674,
 1013827224967680056287087518610912751288591519294101660032684035015474774460151979788720526048192821661454842133364849006872331818436364981538304947844100343803,
 2146347149074767312002379230423847683218729426794241506031877790278951037359107714658870694278261612983585336478421305170610644818321603092261161183276484250627,
 2157101889719563422949804371308921982909503611287112470272010003616060351932022879125391175665260571462271588330419012724561921450959016131394590090370913307904,
 3342239868624319889292380071692918778416896070104716332905820288333346889320403626890154792313856808550420677782497324797624957660373124219172595541636710591066,
 2828563007017446839771891034292191852562211972307800240505746934120877680408322128488284973335865564777323006612907405078282624110179399973423700952483417037587,
 2004204283276296282785650266331126692029272563423301631198922119262874463674627328514522925922539641184922514365432439375517484018597237304035962530677248178682,
 1026493244649934168093927597479672349638397260313620779852495872495523178542122331470619266416837161979018783081690284671605354805839815908377356211107830252906,
 139510976988114855166614008482442028145262846855217865226344275131319347314622904919925670309566888107188711900529758038342727875368885402174422461904664955464,
 2366119153274760876147531030295108162757084100190495097632700845998550731657623868971542161068050975905781492060953477203420393086457645236202311053573529986129,
 607815532453717250952754887357369959250067144872933371989819684443007665011661307694903718561122127477939408185553399913627401574035048338433982193920108103013,
 626430185357032029164640444183007325741224608104665521746292346725084999236435907342012799258528729943488615986775635420012651543442020630528917526459699813213,
 4256239980224650677010963054962495017619176881584738540374714496184359695882510208019318164606518551332665264203717620196774179582927897517551081494883068029766,
 1885920595616409684954867278281089153089475237233564879437629461599027575256997681976277606279227708350065276471788498939509416498705292328915051736641683650076,
 983975083576273690991753521009950572247963675330638432111688820885879796982855287932908975749757189385239691625917745709200129202418240804029418253350097860338,
 4016759049382176872696767394182702397495642091541408926670163443341724191388672089040411432482967318469873466036878831046314152571581163451431848873719967639104,
 620249427338091930095346973559606001071502648070394624878118402178892328813742047344802459837795779557592025542280452485704970348760223262011008394500863705690,
 2356780944905570857597650998450455100881047091231347210808449493594703704692410775027070755515436670739560554126582511025027212896902893632223211664909279483305,
 1105585265298619636048833084504825382413861455322629884196086202607749429974853000939019494644399358563586476157553292462763276848106412920394438751516815147593,
 682524691415075533981520693520814694967790945703429245989492942735202782799395660390636863780567721305477244989279512465691542000954331649475370816750446483460,
 2231954587559020703652774243643026443373208460737980468245641322231980187357730958080708171635627593999692347451410630806995519809107500488633147890897175043203,
 1405035247972635345817736301308482314454755751439897816579274789560243789357646601246733482524773439986610276862157597197530239511041320636382037543946849861522,
 613593573795280290551782848016780583883277708809261684211509148759392031925956794058920772089425147819070105083123139294765072492889094075367643616158767670539,
 2285429072392568097117592114886723997015765483002712490581744122829807553482202477103657349903638440393016006381859718261522188237933839362713947800904532873793,
 3054510521349634210236828786759205672148242893937714189085937861189366490659160684905310560503723463141732422339111554795670252699322007701519738038969380014173,
 3323374995803852501954296688971360448140382311365435498034250152883257221980872667772944055836908762047833459768971850038559483451340273651760597292681792504487,
 2077399953835988977529422179086410943074731902476228845019578425146877105617052420855670572688792722395324078526678390283337939449933263709105981468665554267603,
 2066579306506704498656465143842330496660444448163516589641912420740711267086105321789147904273921716037489655182769736588002042984436078083284404770021006673672,
 2667057227077036301587487667931495396082156238028673308110777137658542424806595466740342715855189992753759646125189027386895141775237359335941331194449102740577,
 4114269594510421611839825774205903813888578023101295753532207059578833896070637471801289612219220188098196613745623416097081375417293808269478029226220605925754,
 3449871696501212363563048599477274166430111362743741989016536422576794136704821457887917628284718752715717986382873147696198190659373982403075232149455475324489,
 3285021767489686677659818839433028870469690888899833482033470633963135256468241861611394230142176038768702062235982451754855356313527902517154276989450576198691,
 406850175188142053318436094243455024962253611949191616508446724130620552863288738318466647691573376475132175472216067988577383978000549065214763036492980463043,
 834069191415444180607316989603960416191595752588671871880825613998697810853855402836825477296153938431276642081929304394711773147056068091696666808527665727921,
 2952319866747535034127379641191004673637260749439350243118330762631030550471614211223648153894539578925453776057505708741820065210631512500783224870209386556145,
 512862817917022606482018851394508778491862422329587641006431175520681215718436295203648305702304946737441159217125039061000802496892188888942398488881791419317,
 3242978789104030591289194933674928986927201673887837480625234557696918451313416508381297605139827374812187617786883449944454790951506350528455096799455739919412,
 4142413505721659504632789138668025839507810837233127219698229991799027575069939797720025697585761555336125351590225830031452668666305708293361164245151985792577,
 133720075725308060592973142982895940338232318816404630852067613758620281237849073783344310606599149214098454556080151183488029701490033571331854604676206538279,
 385391916481948775052255632718103036147847750206909130073902201669616418881630439081873589061712850543905999483393670082095138588322545279254034706294809781175,
 550544014028792461078957957095615680806879011231984435025732822392372762235102786743188109496143944764484331103791231644498710786454579777097666603003173118724,
 3227796571957864738582597711757344669708741966037180023721970747399607461988789213647224201552988567171828031358089895233193341304111424691547442156719577594161,
 532645419364202199812280749988429694367770176445684817094741848847265114832456954899580678626685448399194374497601683760815075424621322068288440243164112095055,
 852956257547195010143603671478070685893732829448074730483738153198260684880995494678469906334472277050798398200080397614492374671397939420236553279928584257689,
 900694668552386031748274288021441675915493599177429351327831935598355157799876132963072245298137876888334590501313330219799608364407346145278293952646428342261,
 82962206692050717897872371069847992554116867234039692388825745441153672403892859754469861761966528492185328056085772894516132746679430999232821511934849963343,
 1574506341382312763703129243469723492473747062656790656212113230259236646539952050401163041238199748924777193599125177244823369487205637082669815258992007386058,
 3310918606758507365725584679641069179146512306417859480204234911498363481328670930210303839609869627542078118906214166829040637471544174387744171055321338337958,
 1670453950166630410286868078356586477358041692959347764106285487016940506225044254279942642267707354262236211683901372638738000043354898176976352832470868384330,
 1415775651157502281885712686128739739122756479007825757552081222654435994993218938093414918737414242632879531108848377025778552671928768728197969001422581843832,
 2537406000197321866021351395795118165048856047736881171312082581705310873955599107960127660716611404401040098882251155947371337664965839027726022524637899339322,
 4518645938863433308618283992824372779479741891908688975992504102863481200002709132840048810256869585022130340472112404805771901920737991114526408997854925891035,
 2946264490898498052358510492314419139139742171864008943659070013801094541491503102056447099160050029158969708998750019856742092032835784340212260332918558174132,
 2078551780693027130332826826230929070678298023185983861511264668779951646120950945939234253178818391611799018157929243812596564165398440901024744109234172497467,
 3270934960317279973518176143210663799396039397840801913537362548361295185570917290319159309985274152890807648657599974423126679371557121193375939787846618123629,
 113060479781323676600823079744449191860824986198273515094864227848951673554594003635053125787086505839225530621611152325559214035123894034240414518473968954818,
 2407801363067387537455058512253577331750504900850609770405952571193155453983288768954958224865404018848727627874899375530746731480242537178408633290003441571722,
 154524169739584284443763583262976453340974438544683767580219963009589790581957594526823107890034534327459345172706229359908401892572084398966108878438947260495,
 370971624117706802454284490385071183779049983991453438688449343677556176553576172474143773649689583780505255524572585548048679768161095050959448015149801452793,
 40290731285596132338328529257780376900708633990160375137146138397279023961203440627530185048411176457865699167589492023936857231360544129092890049869400993009,
 3798569248442657630001261034526109483030892944958250031050065484317925583418738297305285946715630321962740498789904403457406786945968195454020665717172367027416,
 1500359594629563260106966416268687388555471024345903930138930636614385145152719577456083657693486831401044439434599532581046443982520051294617676091329197888989,
 2800234053142078382638308928020992967902301278544185397192941405411171163812317517433251894279837015656613922437924642473770346384249448575262639013639315053424,
 3027998152464974701981545008431939991344596829266525194817919077178030528052563189474517726529671387467372858198278940437019863411285878223607918541772201252179,
 1797753389876175995504103090128148817653687924525662275306993084951409800461177832701582923227922711424787680674208056554342423848749240401524088479078095645635,
 2814113648136228952544978713396800687831614285189980301862283992215079284145370839586986792819084144524476846075962587696178516057147818303518006625001118793717,
 709342538305347049025966301962404043603229987910287530299704737697271589978780530335126488532214190359248490384722576869029445089478381765852681924757775742151,
 3391974528865104313124280655066823343435921217366160366080888584870667989605513284111105540314205417453172119302100616651017000255240951443126267259504227194031,
 3097934282402042756303878088910467065766948371261235017553780906559120566589583590748709667963253867565974943029860480348293458836438587992684054851729262922798,
 3966785860841512201646698606052428081889609164138937799102478463294024976329493392575213337152853443964187361421283209494399288872229556124488859324422157933801,
 2579872201130129638660874757814426914860268029980972215292762488781679738128653700753193776814581347321701227345161045599322710916866551131042948220774634841261,
 1876808248106013179117252961892540013835310350146353850685362720073555861617698133927744650474625152549485823034816151667131815680009937118937163466620267669126,
 277356784356611139811451317259066093346460800190140075441539433079187465195290217274606965670602110290779655527793539061564489176602603858503489262795454366199,
 957748376753880142676775626547550167099666642439168582155395246409282942223027655863966959499806474447428422392218328416611807063384624709143904830285699640358,
 4136585355855325106911873615853274787423419381224710437541116866611277213076729739105257910178131527628311147828241626543282312689227577455678925928023859349497,
 3546996876998075221157852255992694630046250741232483116853580213921390686697983149402109571004018225998223600571185791118647622549958285552045595393664226131767,
 442981394571029580007375761597262435129945990160643108443979531002089925385282945969024821510009834879622208693750189732891200955133175329672523263402046267524,
 384240197955624056898188414938445905625698190548493175262534932382957199978295246629057931029127797336223275689740765797266524809012984536552696145153304851843,
 2250892384658732272200551991231069119624607401678063378650350418560297145239189544251376160977674858610468504964788796813481785071300301077628464596414051641461,
 4461108508965331845806322912968019243916495869223011616900356701781660211718150217322953047333293335395449472474145832175418677527723334909859151356364574581579,
 3710074332208742522885182148427589327893433213195353275225746387938353742417237318255770154100768061886388168969665675783225709899615228060498860180975655282193,
 1625347756507155988183080861628035294573385025886971894286640735891926097062180037397146315744212846801644077944942697886167731254265642039233617195757465914188,
 1304728067510008403598800013242766996515022599195528571430453335894235184140054677483733910075695352166678858639982713011146531318761242795792257631061686045881,
 3205886796583924542641222732099757427041474017722024777488513425066242153807860636024037844558924157637992086968649778952556438328425975708371317409464601758938,
 1984435098036321235839900009647279049987749955841656935228157976669239032502456105455814779482611277740267609534186242375865247836768354291532161905279294668596,
 1102292156918465277124325287305942940635529670208589982419387480508753090598080758822486687359456383705800660427682340603373765450388755751287450992691819852490,
 2763426215539194521943446875063380300267969910696273447966466501191480815337151747594336433425006650276681852900454723344764884734584609842147398088938568086017,
 1163488125738263737438084926065730485254952954730881602335327856530545807100928108420369793034998053890267033473806194737568675538717520829269234226780243287918,
 2723349878759885935281501931988572791067717033771905957963796794111351595407933520374037390781927838152585647603876615539498013041170110005353825987112222962153,
 4399297259992984434530740498786496389082874222357003353037697356956153174761337455398452530144664736757855077142386155066149857169618029972724559484648081217438,
 2154796702437477676664729605766650837584627429440839953561405172804208042962591641125117863272152228493000181208206903496632072254075099497591741475748213435688,
 4116212432148049722006300370097910190957082955761110285319899073911828591895764939642820347632873680141615431359052321180362377091666197905478032441978482929719,
 2532368217591744296533477696261985442213759877059730731400141130121655959633832205344874364435908874177827724251579009367376946744047546038077607029542463256434,
 4006312069101254668957618743491735730817228225758183484690528202303270739733499673010803796880522416472737104642691800414655375492409246921679946306290812426928,
 457246169868378669158498806740933765876013960082056738879623455274938331492462319798739083304601493551305229901781568550516895331317839405113646150363263331857,
 2449856551055689189994995403333700999084972580962651168023938317484815683016925753170100991688090056245421298703547095592407550418339782729918965186649170596209,
 1937188447186723334926470213207631663570843653251458458659791148896572944783941785139426804818323996383674550209603198215228174396289717398940724406905245421778,
 4103415332800747113448700501344378640266481733427667568566480954783197314985939711746788850787011772379555184042134872329810151514310283625944699633820363105122,
 3174446947888531356236531737169275608191928380634554087522287807321203000679249727739438000046461309940286936172360226878409857459647623373280236729874243306756,
 84786971484336717502869843605837940701357183873249718532276205999924800582949088014931134034446391382279217538753099447521583587764680185285699158947686015349,
 2560087947248447821690426088674941879543984467242401737489471765113582702998167332011059043366925327269127581236003209884758817475486964719185243932290580138253,
 4098033370315078610549894192368606257780724954236067668958753519635045031416874477204958083476718204898021150340507760037792416913993605835469064610109132924088,
 1539353541255564924237893087389439601333848125044091228941673662282270864641067278210657976213328987617432696809111374509779466595718590298455738275749581034869,
 2812788893744349855242049124570526263546439748444968108476886147833849105527522142787878514707787240775556375990510721037780906170659257261812150634483641506971,
 648108627725812438905026967119224385138345860788228285344574799246704334959590380599835112183833440716439988562213278566206910033731625979005651909598720352939,
 141550632924957926442085778085501544965809876223283098565759638488775911153066521784423685469679846521365795853685817533160811460834969309630880959296413021481,
 2402933404843892307625545343204131586278286648162300881603155210308280105721560003274532802992882722021833149877404691079612143538489737566095563385926136332105,
 4087945784693440927322196420027374832661333976268220518961132288290897996404986866932242171827543136214872850628123887219117379496669963498103967751341489723123,
 439236751291481029011350000951753460138122837756845161538801130658591827331726860361352292602660101858425958185763065332626315881635660217106055427209623527419,
 3490433935256836080396627594561977352423693613241123294718184479997923472750761873689711768791132423800779397258762302702550397553972973002538474535256220114401,
 3648104659859716178629144949170957420316037846835349730128481899245883267882753293304340898026953453564641812844431546218991698818503087505402968324664031975665,
 2184079567238916655528041782817388066871364388235926332881837975643316154525637199640140432724689603524015012483569891127321225699156107658763799884631730842002,
 3957975219832056255045325030958066111920280857441440929654020616454675813330987603403428205148267133324075690190729434270180805187331077622688582258938535472282,
 759870180266416679918756913622024246730129662110984302251038396672985250120070892728753272240675896274453421244126964430700374941270007558366251577858855289688,
 4420622943722318503470690630062162153093872715835302704282191744654909376786026630197332934093779607107185867660437053676879717161698945663923245556607254203101,
 3461017000558887020342496285398050147391584498311341609177143924060569117458923716034998973479711002066031081806629174104845076951244288224172475184904390221433,
 1330009346997266531938399414772127737498778068814813915333731313422580907621071254008839923965567702140279709070211481018804425352091851113217744058978455541200,
 3048802713257304437586889347658536891604361272026189822220941462293766704783312014661912262212714601963321745878183455518396021762682712564212234936579531969450,
 1662232310956350544319614279324531375218461919729148947659376109208656339241292797634520964831631181354279989859458035512254708987401792868190648524723178200671,
 2763142950312441710391187391969603043533145769922571637180821146225528324970433529686501969969805769077883212879160208242462505460747644417763238329616941100798,
 1118459274399427177000752989264218631939788778534277843632875087005025522499998841990964449962143795428320990474158207579349406683807524727329358370043574188880,
 4410765763283827052213150646412753857388280278575973148941691240698032674003070921841413969182766690974668397282912896315541680653570469413862876319664247588611,
 2130347352977806330234342370585566408360446145381819564204708141083318270371164415808647611933270787567299310693188499172522137793994481169479346070408318827990,
 4151702496590176303819561508308193814510842399159121282234462222386434763962538003158722134026656416958075593673959509576853966054961631229770518672023103718208,
 1598009413635791376007655039926167561371660541441586949281342364218106393349677517378282958361238432486028886653328409058388642734220436337160959197318017225865,
 1431158577454368751941444936232517314625798414551074437388498465388112586345905559489010865525897761260252382463569156766377167127118168274330822328828481088077,
 1507276972931024937285031713864805501475017525016045652356895524128270294333159042808416766129383821763460464031187544291086211454882116307416934855955420627567,
 3227586443554311229294666908423832896722111781594502570128481754015130184065203942086996943319106075196293487173134466643448225591077441306217150369976783053867,
 1365253994023371958925542938869614944859754230231551904058041711976591508210637926073584831686316524173300270056678050691201432540683317078214236593662344201120,
 657115226222501806257986350402043599551853886515079615157016823131826883252120979840807919503949523746257078455246215426105698713946736926547886374323315584105,
 2282117057168251863894153529827706628464519416819845940644307012314090235954029555325227822097370581621663871786464352763977900334979076386032771717860391428224,
 2972870797068077373889544160673925160454521354068959739810214457161311215318040428777290060197254725853144251411667153459399110022644998441331531728065015307508,
 2181631895452672931382293588529526625751862387438723143214584541410264894174991431729858234309303524890991742932192289230913563178504994206448299243871527904650,
 105001665706390507367590172619084642279156465359533898704312587401787034073078435372511921348899044245859846397611595406796841872331586080481699806825903171595,
 1753562712630161685693479514751489068938943184628169686942877898296148430749599291683470059788317760506875923948892481307466927664284344047533841844503053857898,
 657089232588944874496298427272407355044276609070623533359270164231768484727465952491158602228289802773859245542993125235956506617926659325502672568696396966893,
 4479862012615866013666344007408532066748593737659222798889378155501000531775539135619867088395974646590304284745992720120121418246792183178479654763925569985658,
 4430030766756108093878838854120119940158934088184769384203662749030175170262225243432687264746747335006447631517176675715972987919808289580391906506968975734436,
 483604111788985073168316451841028840842225629129826231133817755657912156349726628458446853194490267849803771602018275881065625208209634052930640675200593370544,
 1380909645468720718239229420631226886372061527858704137471377122819440537627394384847218434112374754390542961499923311308780033766104461268339741361632900455806,
 1332534423991899456632349936667902608061176709990511342717128394725793799388738856101067639514046748515994507783821544820521434858489513765993991470777804260201,
 613323142555061422704617115125651584641394042046749229918916504963129376507156794941652536757779795990763006174827951337826082770986094814785382431173157426673,
 3494034486274809955083116841262977835457626896033329120218920368016203182471693700004083728688866978382025574142334278645920224388555793230507605494440038772331,
 4080081041424733102328010167680772188288961058591673977396715521276597145858386492720061652538830919414025920420831555847273249070354024948926600367646622221462,
 4499951839227753354725767836335308904662123985575716188315067063507309925285209480640233307729569162785185762060651337790473700356883808021882535666176472579302,
 512172676027614567967643532060918989659930170212988196718653600063197659981585483973897933739764957162332344860542032604548448146970548910420702374919875814653,
 3612475492976331315685791959699562697507878992703280797114711725573029875108414541909612226401710060451411619741294102716142650998260184460840141264914867457500,
 1652567608041270940324700699508214337359436682521381454851666664187378986797216948524540008333191858592554657011904319651755424993735862588510280078300165836483,
 107200111983703044986460121469911031713596755533781216684627278502235901348624405261918641631634925158262382465554412351109453117083490115946585251908683400201,
 63787621973358789419235029050017009613969592489887638416729766109200499190081139942087747276617391486186681305490523981893703622855202758484353067545886614919,
 780875567343545603564573520642109165673583705827777446758718842746311491988324315075850257341119476618388854008556855924806513816335783716968709097523764886205,
 4242343643535322019378512795294340483322669770603112143899244181819297264500737435438633867048531979781764166337208051871886848066118882198620339069462766285605,
 912198944295992234364867094458800125442239176202606083676218841104882124720645592648580070194563289897495202519286029377056136853172934863259203170205832596005,
 4507009963807793160681133324585793532031911399288185463391277171185836849517239378593479508048014364893593083629561804423451048691099965088773805603328100688747,
 1687529042275707369745717645880342638733929042581513584054133407562474955184770702841400504221821295776188304763134173828120389419907228174754966482527953206506,
 4192542520168777467993144175423070019921457260954249524325205613665283368179240826631156263629141651998850638972519240138629137158207029625005380206263390796095,
 2512046982500861726625907381069370712773904787780730644468049198403780009471838402288511691390403679020172754979320504264885547369792790980669402288245421010258,
 1682419188617570143549125117711697685051683669437106992962324573135033855943684774018887719901371012759790609304684977153937265060379939846819884151128200883939,
 1310948370794173842469440222178871907005125126516941816129130874344979476254883167978869954989241287551550501163673035736112561613264951969832025935123728669071,
 3635102356033209696975858586109813597996628938137437442909068247045092520360329144955440500529096314681829279817672732591616714612934873106487208021016110473121,
 4265291990866058488966085273391897216523713696968073557840752692667237150181979367246903394740298902044619216550785054938329544613037260954924839202228872852995,
 2970656040917779079357480871634653204737822313710741418125735446165849804062401638612606153684360148392060305422997461713225830981413433312818906085480348377823,
 2911594521017869056100571170315886118080056200409704816485333933177799341619960466143288779896328856585995225551226785561070090461139553264979357195754192555432,
 2407121839980157561978445932145962578052029854266770453261346816803833608046406671775582428078253292253569004183393358997389448632498824620269000814038368668652,
 3854651188032598383240742034558150016172140108681699044529097903274058358183495940078357628503741504417763893145051727921524474439059397911797301434770453457315,
 60734396724731303139494436032063172127614164142736179875421727452671383468631288340657975896797548612216628988993213898459841392165712872471630591011041884968,
 16496580895699474004417769588237360152725187756991933630332336061422931430505130286431666545203816151872742453975594147445198488957031873239969481218672020109,
 3352976446516509118439971686930749671757430035971299231953159953513632157715199916545056722608988692824589355151218835298689613863556649779256531829401160669594,
 1968220141476496593300277627553980168903441384896199955476395990154878854745629523446494683667144325915279083265684549707546438776238357181271285642681830213778,
 1552597308320517818641290211963897547811398104141777593349712048070903081107681143557774888644501513170548893015514527604651355256537416899481937323408086047507,
 2742403067679653701205688289054280417247674920188839154725124084396917465429979715824118109154773240771589436056482614521895082284042819069048103940713339132217,
 1120877915736956710266905540910526188958069936638448113898993243837158455229199580856496639460339161387351990280373310688326850598280734296905104787438478531670,
 2826736429900328418801509407649628005739736165376154932317846940484791049703482872423852937910353097870458574953175336067581078445525195168208460367077405188685,
 4452190497396073056657197191435229136535628824720176650656548658309788118866299191939829758014103299323635606752830639241027224586099533315719642323646243757575,
 2575330719504044213345261196995682669460485701499920598944592159190976069783424993912296026200334259002623747378969810850339007197119817912978681214413008334267,
 3410641346855884263991060709479422903196943716154161784852862897322647203129911482086721435824314345044330801642280118916236179723069620782153094508625800354571,
 4389070845709644792740432762971892222210579126531797112343182662565051027292626612789805809598233720148626282475186598537903256392630808901545333027775352105554,
 3354802062180664955340543346723576617583860259807356958246054828539469237682550670493478152715855782454264883937067240650821652469531289056585177719444479916079,
 164928106337871014123422970765984251841746470650010332427915823701184406745217351091533641431745814328816421102742275890740937832604959692256735786094514565724,
 3311740667500255731674978604977328419735756825030190492453967560199625011765640641457877910689915781831584167320132028616410951444869328241155990966128890747605,
 3627593440707246441450355209340148812044136021787129726240627039459703642623465379232783717434495897034573333545376119640474015550555334824085225544549181990926,
 885012591062225387849234866083905324259388973810335382505002902206295354540468064649794806398320173715816595185899862924293579319808754924189872565946048451984,
 538853268912475399338168673353680109412228007137417994803635703753682866728279587986228710283728766815952797462659970787812659210430008228457514892762634324439,
 3932414343273511969578856442389128077559214179015959484570151224444574157936292686480522466376920850393739951061580198573646377077782150629187026777494408624609,
 1074931939034413127200387167465891825153753867234415760897031493074876905411494856990660006592791438628858762486798555011830176890842822054029674890304340170,
 4420490510657883483983693223973729004957901385854766094330717579047482614272569378225268614955005701609503145996711889897776811096235554774937743835645868632106,
 2796567277680009370184855510000844312474838203543585946763395990508687611008023897361077300988864108146551045949970871832513900889625170718367061784222151201962,
 2522332874822834793219651313276613022690669193218320087261611258976065629415126273649508013577586391487700987693321361489460265679222113334202410031093664909147,
 4260237028754945335884537995169823055301788784202439358504916461915310392512411668622846777833264627154074237340648774540685956887534470200449764757921612608081,
 1700927875999043026686759351782412939027906378068440904932635967901980779753641198210046888891530962456953899162277399970758491222624688767275046322297440231687,
 958950253230232635040713626808457573984969352242904622661169814739843115556943323134299631616867904602828252781419859479583672549827323981559732156331514114648,
 1356922147162085804018200762974217246212418430111590022565483912419416707529762668049916916777812717161728027118452176092928355475385889133956306032713458217111,
 3484090790879168188016275133003509058591414936994348869315127369760209407065419766291977352379567761892638556265153722587477630189432829093017940064336060178590,
 1569918006467690758352682465522158994465760047621486686379608357676606644650993804429275070919768190491287781547665611127974420546736558835492121189082156311885,
 1039322883271973786666800380321527460173144379434118489529741379904485402830573953948482843745993176407696407317060758999986621388251610113481564990285507068190,
 784430302789982682890122952088744903981658298058463960238404522032314458909010264243518551379969427232128270732243630064324306585633057597457540569173543978827,
 2071973240948015528635317877331945972656976127753195766279541557962573520691458514377461891264942850001834205271126966881907513944780804583333399202247119791699,
 4431015664825752721318366879003405676262539643442094996073767066430196426646205222320178482853447027982831352633872783800303997986946037939032708427635609556409,
 3597805413413734771938018052084685906528203465135254946644692222369529118070183984836648563568316722094721996007494460647401520358453800551434918787263676493207,
 1916148290027777012360096728097466454148019010825151544420039042601441943672242472514772395779617069930610970735038821079029450852804184117264476569876874950146,
 3252860526730949296146721391682849810735476281552026494777587517124599572011776688602715982526849573277311125856409944149210928357983207907784421803283701494208,
 3787705891742555730672303112272195775799134472944604371200121320023138148312469961853846665581993779236948479343238840020917209782226960945609440548010339286334,
 3899661594509252756955913971071709754732123260396937479333800663632462171447350339841480125143116794956864821296192071934029894343709739583793148845415555942106,
 1158305127600317019464373703260346054001062383915367972230843575723785079038487160763582387674317309630857129207183379171028600570830469489236773730467218223256,
 3438169956097180118215573287166465758939008257000985269879438091667518850019062519632528542606324512906950726896611177845544204074522675476150142454391114926076,
 1497939480476551909887826961666135605232690191196749408729036163281250799467686069093210701938682677211022936772773704204564801131311922481967350895443354768820,
 2601906738495748256851194083076693641337159922297506427210248823417516509325022911695481028669654597634541476556874170106288771176306722741057065561425958726921,
 758333036283204491913536255386361877773561613870491732909158558717330418756488876997554611274084988287678622278003217763850671793553299844381463126310860607020,
 4341052129457458208999640228787125474374189103510397409116659302571407434142130388194378921361203545420439208596373753046168669361229486227637207485374024566428,
 4405924525137525998679864944253178935935574439584340832610507457215269896956197075471917842994224638733240991841447830246074571970314562740048934765048514241030,
 658344261148697932910737705621245714905334220651147653686396244432272816239838449631421874600679837264839995757023049078245795993027493475166241575232085223916,
 1005752513568618185825610595014022208604717205566516980452489130794873813177826639458572965358307480155747665696890972616349908376484771984111878272547820626009,
 3892513981605966227929030196395027073147032592144445839363980485944695384552273927882324485394783625066552138997361665229482160594438190202073277274005964656044,
 1061633367228697180892763002722849597790368352784586797767782049805179055853803938530980892863126227937285121169147285882772754070457962608792807339314041662678,
 2127755519907689134602138701348021493744834794463609514151357697713769397346200611230764557911377322673955161753164784867992401562847829096541607703702461706241,
 2744449338683263690156714290663893796834465425905871932259895591965497050252570895976018655875086143516510358288607929603451629233847980949091173898532671579471,
 2192287998110332287224893807373395368139718996108755247759021237695312663110523588203163936911633017112527133097923705045255926011368174000873386486767681105123,
 3963376878757308581441866055064363301084042368999136972299716595371395017843327715307411512339469456099493556610437067172845258077554775553799081411011501749092,
 315451834149649651763516141235376963914839663967804264414133179689181071301217481973875802764117036793659783474401645231761036420446408091186387429981184601647,
 3531493332362459310118556595562940903407297806574577860197424968230717690701548072264958927409927874228750901563014970477419936191659912145775970182029082248293,
 3924411763076561638273575831250575982411990485274448429470373631292252071221153450180232731111464968514620482227482523384817454449155969642981549838194237889780,
 4424828270383581124859701575479408405127346951223027593442980040659435174542488856440027307912462164856338018680923936516853139840103702882360182781072301131804,
 2816607408917542350298430271452242022645098925729576877836785001510570037062680808516703100649213725995352913814620456158505534434517674385398736672185499631119,
 2756407579339372198202413665324613361435853176376000167371624430070000392722911967939621490516319246728573001123474680728935374337036756387072439487787958147560,
 3271064633662593383059876565761848189850000820361785234047761171301260374652452719616004137042691385786679234872426245228456712705359431991203672830624183377328,
 1511728493654320563369057970562147402724098815260318562600796479164054811578263566588434307656888635996217297768265227304354508535416009253403851182650541487474,
 4246625520290198870497184970072079953214302569153279353448730287044361722275757897731309245908344391868127686848367772957622062309692869817591761999527211814531,
 3754940261112510280243583567895329278784744075295936882542248087258520891429304218172585741290363997668996368851551544753962963995866268557347462126032098638793,
 719879547775993076496782801221323635109549004415399515251814881756925514504617644533286100746825402217233802963793408883919764061764934486620810650030843075233,
 340309230190739228473131540964267909352844771838872885130375186737334333888569280898737826168141625784582497507951124508761215069822602892198270406805947619868,
 1586110859855621745067182859472368161449814760351295555370786103178332836169967732291142300799437735057723845487487660598772808704762796416383878895263116210024,
 2060162435483991569281740749095151061695615799670845349646412740070695994409413396292050821735011838466716145950518470483135113220121533754058638410159923534333,
 2484988069784228789374928628173288439752889951471391643296246926148146625988843947651967651710564831860792587929420268757263417804719673644461271642446991099701,
 2165785424000005179895470222994049441901828747497825463372959426326207583928876470464071374357014597815587387382358535124999690752451716564883637076303554835604,
 3104538012349771208437361038600175519825934623462875647693112540635287680280770461835998291707422243082964088359206215566231045998911192919319638571795615000970,
 2657226440017097139804198838637417381579452021677809369218330275154922000484328191837640080213778262118380390735393656573021524844829591249815159427751317477757,
 941256273025078444245684142790537379387040222319760381493235496967163333055787031712227991314491437065296321538225754927620471281314877088736182451952032149351,
 726047075481173520844211771392537379729301009415527720816483561161743335002006877622679677381970930710807413488576990897028494238209024256872791152929761145823,
 3271673968354390129370483353524519125936241428574426410767441612623616407319354634499021859244696544688219909261767387655946501329936248509459226135678967975872,
 569624884735025267226515928102346435416675247782683065805577730231563492954143172803062259196326749003282019634336676173494594959644093896959005008926927886205,
 1821093415472870815162591671953659456862014203191002210453418284712253755142180244992828271086282723026300997767055412862784417302752670252923756633323805886427,
 2979356385491582378561912619293045745700597020586532717539183288703537542251493805244043707988659294088030714447991938023958630923292686525439514509109261567568,
 3562733487413190433933807923678223821152963700405749409455598131925748144725418270165464005904337780191930425790590607038252344237399311252087497638489296786386,
 1944103417249447527422072386514750908572740230798688967432997188390453577857497022207630790646282924070687268579635866435729456454033910254892681350979834204103,
 1099112355626389136515877253520436722186318548690367332116396168262784115675944637793517992659426191580492616080409449863927446328400024895731575894647148504974,
 2847043955101988726554081500779795983736410201008855483812029812434980792216003943654947717960901520495555634804224171815378671854417663081957495435274459211158,
 2730200702158785518898368266127632682161551475258323563878933430813131368037092093597433907410866392637822615866799692228879454590519546038764397306620052555769,
 1497393528652728637706025565995335980430953024686877739648132607860975181886541119011166560392541765795628665855879125742614626373425381897832040820514042486874,
 2104787082221604388901513725050438796923804075399858085722669999401023815057865086060318165904072998801711519775796392360120095148367997704932891494197977296467,
 419746257626438035685762299380484849899014953916959231909463341953760069145840816619776348326594642742415804826767205415661333842144843473403667918031736217446,
 1608973209938397121486897395531547155951356974360118235284134097486113191494421719913977819027520662045491678837171355297365009352505582889253330134268732169556,
 2754637449348593993503460590418772247566109209373298028307361439732035824816254987349935982397804057515362553123703505857729140405968430606978895805513711246595,
 10801263359151649385018638573882661628502011075895687935919410174368651992895633737620606782119154996270128436729233041339918346959307294038624056701498718038,
 1273425148654208907537488695791470940598969005623858844847111737495088514168174520520984609787425030776816571466846017728499933180436052121693663710157789324884,
 1391089851644586828729384019187004019864486547342821933603544311226798497460487313547263978117617059383638681038564896940425811850151997804675429163052761180034,
 183311463139919902665511793292792474219685631986334396082403935901056222855425491086319020261931456268254746760018682719362315536156667194672893102863306900156,
 2369882710249366033448217599043349428602137933771024848509053251141431525464929227171426493251296444467166698334430716734787594894834137404799183980811626838068,
 3119402216283578607255261140082423533411584785037283731885339270548842585860357597784700493787691903474585516626326173987723045786590046149596043722523413243712,
 4239631252662219996241390902673878302024524038304420566276737778056578609806025502019323692610704236434488781783034820303768727873101795323317042354628769169653,
 2543431950945558786448436874113832691686009150031442505806818080922639398051939417386987234436392048736661838405008503962376153343667475645869142051326373861067,
 190235687228509622284927361090214263255317394497261518062040034820296208588173329662630116810432388261963281672718827830489461130259749659030645737011995817728,
 1224020887588040847048725098368614785700261000693008277604308183987810641476836652726576449165415821643741208318073347078243182075680586827196685913646862290524,
 1882450476762720463004573744917856840817058031285759305111034222526761732050122116960607618289244486460270008673706207229079946350594458662486397547123209791223,
 3961573586208381804681991129957953819879167864430020332080042294103733954752547424379105097081009651283613314398618433273477685132851777416265513200021386705281,
 1131792537309047666614862347509571019824467218511506292819430017473769241606611540626773743345901073095232442591440345635925367753397773315218222581018145017610,
 3741321537283236481371417942771453588715164307560940118448546344088394844437864072606364030980325990915901567986009808228436959542996677923504997758788467230873,
 3120231338155167476590115142366769607579652450331596908703989671669198679693420959584099323077624799846823889333689478798128558005557387394878861344811942765070,
 1939034598169602699423115194657147298669042688198073105224576261783577684385552935466999206410849256940404952099347835504528629524655612582979983668043460694047,
 625645830641738894423898795565866354051273370093583807217886752677574577961671290096645251048092698935577103715864715031016589340248500231766205091570436973381,
 4101903460001241326683388495138078416820326272014589787561582649246156484916763352811651908521232947927209529991277970317068754794680385907432845330573828765987,
 1507135306994958646833145596799190770331464564829333866673121432407555064492419621072174516862087343868364108693471341769848813302649082755698429601155654237772,
 3108531958230329617841473746011318104762809520117739930516040511281925865533755785975581094783955374133180272111966082553103575958404857144694268280509920919222,
 4039127644882864211566508890759754322819659195555283344177439694084253462842773297964136045948149448785375489651899243023723156341239149114931734082670305207551,
 1113719825551900187409612644960437487732646341378468857845946518359520711435303382229916068051513638537896884437534625931561729876954595752013432665467616880895,
 716676467122422257211728053005460244349491577287572580304252411929056048631112012424066816953704104075909310450103463111419636563017647287481839245151941968795,
 2612919579208222149522128161186765076284836294803051227409928961299753204609228348692778498183760186287572652678183411118290737355994996239211659017578209322559,
 910064655759270584796309268245928806609596501615678116344110476240467266598159732940098691638476365638221080340103598396894709114325178320783253530787767521647,
 4016681993708332640926651038203268037706693530587544727884750581882135952570394871907114459544765296558554997775322828246459721007829693727805620695327275045744,
 3624098314250276351742218420550276572816385702533733538265658825701835522322058653826509545439968270595415907001046789989266475916832912748776972318720402791671,
 1501742948218092989883636810317084417134157177246886160638513738291001763996231926569873841534501440473596373652235889721719610290486366303055889805663033940606,
 3858399917050481929635085863203080364944430690056920240797360699756761685776534987598501922354335055507758910610237917131974811886224917833041989292862268249975,
 2691559222452967128793350869776577603217034111631659974333524075533269835791918124048923167627356283998561968611089229170228494451067996779521143813052143348045,
 1431043958373455979928246539908008477879042464840655986518589417383572669322362935295615653966381355430773726588206533370828875275828772873173153142353111193119,
 4510891786046844858579136611813663544097252722075013357811704227499310250645931660762081747503067731127527330736861108692813807569351406066834107959615794569115,
 31209654158666689756012880987563964839090123929309260710300644409449762827962121645497880704718267134621678371949214517709493584197643751486809569674647067665,
 2297243483022101699192538574445771268435996467867308208256094696437245642442133328347770948020414626146907993821352743236880829604327564492333668344856586148964,
 546684090933685551710286100889080088418673612907379813789607038403328440813293209614209455264931275473063507240860289990202390383824822805303923056161689715255,
 3576458000781942150360708787511451307111559613878953951836868558579122263565251637960114218569786903113055463458339223364265620345875445612896309438760313709735,
 892094643803180236536982708450311790412046437045616638493051893116627576310039890527277338440845848077446122572130909389195813670631290939767941163536911396484,
 2723661587309052569482094967198413522675624840239977786337204866193979672139990982123435415583604444381859142323875507524300696382257406827019404522901244412927,
 1307096070703266603693068152863279529981319666635291639918853927112272697741214108120230822548750946754260705660337348188598641077239714258086034266769708372375,
 3478651799842607872601742413113365952734976724061439715780545883890911999842649614291369070927668576141693184760602721094149795786334863023313489062644547704124,
 4200648590710775054229040173788153761254703046659344145644859254666555292599999316393624008629705408533086414257131549208051209944494537122611998491876055312954,
 2275377405778607430278466280792660718293034555638133751275551663047363046567540160980407148913296843811147636161602103048225855788262033410539737198745257718139,
 1280754694750359865374394396307776875212232278609097841704785069900251552189055325347951102283489856079359675851911281516660813253502302236764933911380337094154,
 1036137193309974825964968063962390845974471923939331382157538630923759170782034732192255301439450250587345692832315079782519555098697389411840644816212714042912,
 3599815319101623849405837596653060534672340514531682089175056757029196026237442930989776182144860965491560259662836469582664929736092423755444682891560213269074,
 4492552638838085959159181707298195451813473357698856748647603764333249473559145188600516308459922303447456826243691450114049042027006887949699281790351864021735,
 367388093240660374761855475182828842377324952589473313318201636359203386305011456928939436138219155071051372275001891631889745891645014154328596415834798224273,
 3169152991641641850815789465966337375654840105135911490871325260451363548310966573771199744941816621628822793320219547139239618540325817917965703305201862567419,
 4106759935230734755786121054682051207086635077157915294356641851375953703257985435063296752434143954389321006057102701176881430999292327447612731011473534636358,
 3875342507395780522537242107386808638905235860604198712216119266760822591173881027563979631073987625044191841925640383654274406102552569524519511156510310171078,
 313101583299687300038914268695823642309584651451158267624133860198584618664833988045978294415534782067621530327900245359008759916161206228659853771857179373313,
 2975105180100206119226684756022015153585329555414825753246765440095742411151677777546599258695094239566575174079073907839666686238236091147694967579516959778049,
 4460877361694852561199065288217572534821056152589596012589491062868656683746592184835758794297860160483781894810160911205621612427832243871588651567427862609128,
 1401802082083344906749024630573554749962360581877045102450877590140553863125724196459531239265534045961654014300666925286701161176061426811249604008556915276675,
 1624856824612658114914557900811167762061979045812052780720694482233692148810077355466370056539462799039281320074775525531569490932313761488927195280081508992014,
 3489964302881815907354456266638486854080144236043715497170747131976937501478357435634349643337590342818446819613188251456279148628086764948359967015632730529068,
 194242877105041110752442484784886783199895818115073794781724021330036790740565890437238126162423244536017585762796403688085653433011186176876080329081710527438,
 1243513919895620516624549489009644797992761790947036786596994827250751092171377920775447689907187126912170317021225099545917732157434291979555256069705216693229,
 1919976246198240560020520895718167926677626917301974885830495083790195196521436701676407044064041161974566708362235924114945251108538726176385646246286714310277,
 2642289899725193443152000061271984146758176551985833116091582508182414539710328130767023342146179258926773351292174979827936485288316533422446964168986004726071,
 2986732774086302532093879161644450275709096824690647639177309500907006385011305641754127635640903566320891780990158093198157513789406735359138172388920804431116,
 2625277099648534457044123851469109987596600756901636533845798242398043507601635552740065583264782100493169436773954297817388758000748873877613991442895235085340,
 1182909877557240523405266582501256888371631458601009075144568490856796861230765682589056234814359886991238719276196042376828952666547527130824919288648365831503,
 2316734051471612358134157144637791199765814415090122486438836331915395969127021942008376760908114706232291485091411498120547360994794438932886718382992487485458,
 1901070092286109801861742625592270455763484652175950457661722051311114040106718963565861895245745333921075005457978447359384426818038918550845805795290381707126,
 204179784314202045556773238309215699297965325624162557571523575498411211680841631901470276659933548823739990502514566925634712740449846373110622724159082342929,
 2631034440670643087218033352551431752850128680929101183906207243663163993278328735532187467685665593956939400120395239925799156925932202458654491675467888235909,
 2945146481000837510853550512874625077121806938201849766854209324704966703218744456860576950754463636040131013805630070573317154518654409566423630045689745952373,
 1237845596450937228003667538390223231146402754568052575208510589911943612114860968797885468807981467240201016942374512517693979477405441655642180148512300077159,
 2853932527343212990508107166117345732731468539740894858205098620457650597874608079187893880249206900134501300507563496027008580509540758836980431201722553854431,
 28922999183612745318897721530772292825365639812568659191874140851243839720617923801489129921583523366372654062520468960165488348955235325861677939621395378588,
 4506573946625327239841906519360899288877848168994040936636989405713591761426953140092143223859757687764928572569280364502494890137989881230075780598928471211200,
 1954376840884967798101959210537548959950740081189247249935476890809091279687211884545092652538012702306056304375651122102956358561119643107167445209494184920748,
 1147938455318727851468556021440850461010765860761669471225794311111850116510215048749314280458801480218147689218452091987679668676444571792866596442759906641353,
 3452742820556266729863537844912265651182617217875797358607527142785745467575659910425654083681099467656470226420808252881883920323018089197641532926968913278677,
 784226982653753504592413185595597620938226405799580437287682415925783081349449752908803180346980613598036674603414243052489738361354606478679935961778704729765,
 1213830308477897501998059975247727436066824301436626644454748473968793387500092989852649597975910648518762996562002835199177900572235510962352598876297606646546,
 3327000274612251454389627524704753804960590932756708431501549461546212920988031183038256062157070899789394564861581254469016195558914955869985123447959137574100,
 2224946031101905623438549264689923099135666724019981953896533060827907923488853843627962209149492165963588251622919098844572978486645121687133072573059236934354,
 3077718886923426076956593802992768338978635163896260851499514610772405681275413110657272176082547039761785203768804874540378994510804497538432332666037431367383,
 700791398137510785171832738371830390057701066657701149454139082054370995131485973608864146435606976183848209920076649685980788220801279681839334122695014616851,
 383510002087048929417719952339733253836345573639498497057748906656281887861861229334586253090803651088880069281922498797095138137087208691157995814763734858244,
 282160358786674712886767569120751802426150590443759447936062459280556741356428210844751825848250918609224427699171819311926430916373489334559648320053289496486,
 3556788509534837122813800678861526389635666350244948590851781114842864259743619373426220314894805084510445012102961727268311021792323655838154451403111251742302,
 364133994114535180618417200342332101473113689945797768153997462756362164509800370089319206955663040168779179794851455617448627508076249340472306510516362164281,
 704492867349092760231430110847039103426854939257199339176243512586955135796150157468797027151981896441112846663010278124482326785319393825831289858580411271721,
 1399257769701790241867434970198052877991917410269966525101171652216816937052308720190698042787089151888553058309596632471729034149298378984168682105939671059885,
 3215289339628152593155267788310655805713057701809126273229057564957886161894865173418997271076858251256079283527402510393861119640379024747985456999897555465272,
 2243300559614338179206708534517072043833579035705786908927369496392707555858860490581167802331844506671029143275637499951396119130866978976582569979158733077083,
 1462453764811282838012036539750568070263010949308181023387306808913660500797657488283473532270353715292741139661835126043718939567650151772139215329568929451857,
 1735470822619611705363280238710485084922310043427607061757988591126319235069551180026258806049239133490664744940914137192012330185203878227897702340389161140391,
 4288441545806117694304377532850344580460648796607611923297181248991628827357710158170990922198780568676262127421765168147885470895354415590948933588000738593602,
 2294152522226870868473515492662134510658821491855962858044916947921111459809559235773556373205948943075684077368896906901014779763731607112953018860827396437961,
 1713457157370919391873693162050323083863535612342562380725507709605339853262978175269727362195854495527910062592433508697569502747639331951279625059966193220327,
 3965921961296118985923608453477972398509568201063175912436326582127450282277510443153381815678109887569349254279130803990847745792942418593551304645302040322741,
 2039267309183777680928393674038889989582044322804493507760964148469603086951852453276789191951754657784133189234338880956987948622829270734327446980339179667412,
 1994898320083113391258637956807193044483722221186748778190358570429537223745424394681409788556249793566167461040077957057443006267417117319922170138599290607566,
 2042140476977814226061729662272025608832321606322894525249660624013757302283530180264408458039283574504683738271890219726955235456022315010270738975742573619625,
 3994079120657064103520484373619354160881982691595597249828818305980250759044212316078253229585407830725432116302259369541938904616235823296511918093573383481391,
 2001418327719663545121981385452983194357342490158868940650682984696202028130745604393753192082486250858500312769136867024397490857516177782188706363623400253194,
 1622625640227161714990569341781899085465811350834285384580499713095265380321126791051558637481155381436418509720945968413137922890709297714705040234296813325122,
 3710539815073896507482900371245629057737253424733258050569973785515945521130902507623186124120884750101415820212947906427728256108470350591099590179982064725855,
 3563379132476453980239713698414506690642667654541670629644040851552435691530061470547472632101584511771180416940320856521753100884911777758693360653557980245839,
 356869279495686321382237155659739707722598725094991303204679831155022049771188097596913497833059394811022842529095825474499570392909638955557893041048465044739,
 4032416855505553023914706099817851478393592916795988485318578141242538051464572837920222353856167267717168343237754573949627360298006159218423899576428643029418,
 22891429064419462549239609168699471348987194443539604823684128835779046682823038802703629301086872500747879515334747914201033391161614586120619097202277786613,
 2753254622044018287616725656323745811271358065592183732299522468933905328381145682949384007253249524224575451808439101000878770035688938925359387569164960836808,
 3500040191677128713541071103138160135075142185767416433816451548927405158866101066463578804182005885813437286643229022481630057944101007386814933309414964317347,
 1305348642854790518607565747226740618538709868019699220388798276057699148927493598459283380694078991712939806927343465510552921691710264466935087145292919959112,
 1533851698675377610310119951997377513674651035317325684391340642741867117878501010752670264088263414793670193596162045486866080289955107825176283841600654362388,
 3926243354404336623002031462121910094649854768854508170232178429111554058874064390424906702547268266513216833392270550308810355742293768911371790136616947283529,
 1844813993628175490934868329592566698313975574132521621999898447965100095147179017266766399541802248267008234648345144254507393479957937496308537053763017225865,
 1133487985311116361035961622824761678691024327711502371397362964851628972142891900425204983595851732146413789494941511168405948152487054201315896067629388626692,
 615560293530804252883719070083936657268250172486657736091702153663743522712101036604356673808274672425024203075101814352054036637856524325093361104015650039842,
 3022992355443759351824927003012263949237305678681076432667050231978282066050032247603535875635679534227615744113223220135080835807501876585570794061234926446425,
 3575585529319785215854796297644183558676900750058490040238079697698952480285294858081011355596643740442199261132835212093315127317499120169550661722316005905120,
 4098032047429040002077550883637199123380116882303075725289522430473920273878396208982715005538015535204237673852219970988997233329177526429067583040998414325360,
 3700489537363326809488099186930521361977320005308641587584329927813028564689350578698674777771612031489543135522658117003542081822753529645851991437600218886208,
 1762169394035691192112411475170529828735320215094950365076196416917543859449007586557824427466699474221559236445233156875007324419835090127794597157554292570575,
 459640560458179978510433722026298630817468887143075593871876157675640694655073960246122359946556221963802364708779383881157968194029997504449200271133263960659,
 3555885443041306929355807471611515082170414403584356625827549180230865404086435477302344656396445604933390908806806099906290379564971408624323413482379413478477,
 3145291128787314394210460079792564771784140290253642495134730866267082223046828082396352822065719251604094955029078546079293030890989757207166582052439873536520,
 4060554364279100247613932589499406513749119551176630430383409718170910313079424161976768336364102335677033844587154291310194383280746966709771304787324504492693,
 1418386674945565786898312626652317640992153686615206161663019273779544145278976065618561130710380600468425692784731164266891229574139204115469780731677933449759,
 3745589486558774475615081693607931680723130876040298386496363138014424488659819353950430938367312068957778031024238053539314169848665807875004642731201247618401,
 2676778605468159059665518311026727907001390826895944629024648735108591604341685351577541304672508778336943042113678062088225418533768743860225513458828129742766,
 30898497901267925376615702593157157283700773844287301752318742712364246226476067106209005847402008224742478096427639572479872096582376878291605739291127028263,
 477547069941565603586720386015642299282753130153705394436955776141313050165642188012599444739852610082753710385026154221221680495793590440656020710428912300066,
 1939711216387619005627846729636406846423019524042573098805324461603580416422185343512485871953147851318211617827976131912756882022299654416939322490174639152444,
 480115812294851333818405915571823315298872334682176433304643183213075556098741474350421682581925183134240921048740891113669931320172990407773497685734015378636,
 783069959089132258470094469522836858781666711101606331571581874812835077628216981459581656346874882865110123127421022198550651299336601429619274235755752741135,
 2488638381557878205759226433881886269052783223764023747956131485366703815852925679713162216860975414610370527056541979447245752171205462386921002131921266488032,
 3742581091386907799676338055467622420848867172663541097097298035286788884312858996865155798709409974305500882512841120803450296673785925729444481721953538996815,
 4310786141622329108931756462218956855445639931070618483059462661361718530161404284817983129639952656955102870843356395535492876254945145494300071558707004306371,
 2695775978938929009965248489618364895712900317270287710115908565537338214827499466878304652451198650932368442942882060449000292083926563432236787258929465597983,
 3216307490822232607310591893171890747339237429511363545097185024413345100849303793250222191636164200264183028333396236609622377938947825776173922901398808985855,
 3484261611808868850608487020289134808084439955448488924981629071342853777678377432535122315204998481559346949689726849641954013868224865114296407312824742584522,
 3986100575674646197383354189244128279506350806997311124354639466626882578756588932935749986111524541074984677756829817248992816607482840873074610822735038998000,
 2010951962990912281960175001903432418585118763690218945633663878896228418279014347728498688903588460686788737332499202572180890835724514954234242662377829628986,
 2437253900963968920263158625475715127525725139727355554464364732582663406904974531559560014948732587298554664034503841662113544960023544376366154165542387027241,
 200527528117052575794496295420451695992800685147184574507338581210600470529993759214071990101466798345288968342445428055758524489905226816734722886858914871664,
 2270490249271135185879021376952656436698749447019415853881205351945469257613422476880755466095074260799406009212224790485114148539774632981195035800228338862800,
 1957058648364570207861052677916520508286951219828364452463876773230335511602086985774556168053475432792423870532594423327108090236047048066343489779985949873957,
 3964628521747856903907367063218707268393633320043383140190928427646512799305946301254118460256651210200808014317524642610914884892132953684669838844741412481932,
 3863560951954303590247904751367942117817511628626770005744125201958058975230863359073638646147848665323711384342925426469252415974135307556647898623131659753365,
 581729805992144407247823497798021956533161827952647587944824870850631669569841247829410027938820792458686125073600931358741261296197907037529608115657022060446,
 2403638150230787822236618497422423656124557808748185879468019416593817689312444723018467170567147905758347558754173937632348348100807733458552794558624331376575,
 2516360482201100148104382596429669122235108851471819297498144841648826782044884078470687980441474978989453255438809893920698640088957844664510110201551814196422,
 1906187263382011952570989688157462541776073381197084426058016843563915239939975972274523303397761608640009097987732393246322865075734240632369362783738183930881,
 293708572771411151856853848748678317552376072271582723138267892507855652715271963870887258702147617703180891132860535792569324012996520823042434233175325380840,
 4497704584218232191426584459827955123811586745292247017108593257979434078229017092531001576420189073352076940736083685204072650760593754842999023287738358012528,
 4509156853832353593985107264428803257598289657030031802307224230593496741121141037955889856268324687434597903800645763742569675728390311658171053638313442561191,
 4254167222036920309055577809159103326269389038551664397036178662716519080908077003041526919654440125975680124422330985228538174733046395928419214407981319752693,
 4366744676776330122643490656040017173846239981092580190747724339153946152269896757106918712036290554331121765119288487860931089597402678208509798339280658320229,
 964970805896723721572732652421327735383434460974623447555780937630607541344909805409287607767288172902129619647916005131867030619166831844850583619774040879654,
 1969909887960886069267243684365223394094780319817875907059311436792281599654314000311720012833885349966675607363446897216622160574575816670023684486265053657926,
 4128128899055420563100856077795970911063766373177674588097639310362560116628365001209765309588685073585790297530131676661308686494111740933652306603385187469867,
 1971844123338378457810295412419430952248219208560140464020809147651890788079743460723276218961516953396004760689468390074300889221376288352341817879913621746370]
