time az(deg) el(deg) range(km)
2021-06-27-00:08:12.000-UTC	232.1248732	4.608410995	5561.036162
2021-06-27-00:08:13.000-UTC	232.1207825	4.687512746	5558.256788
2021-06-27-00:08:14.000-UTC	232.1161302	4.765942656	5555.508003
2021-06-27-00:08:15.000-UTC	232.1132568	4.843875409	5552.630467
2021-06-27-00:08:16.000-UTC	232.1107807	4.921021958	5550.065325
2021-06-27-00:08:17.000-UTC	232.1065954	5.001754009	5547.242972
2021-06-27-00:08:18.000-UTC	232.1023053	5.078410356	5544.642093
2021-06-27-00:08:19.000-UTC	232.0988695	5.158990481	5541.835779
2021-06-27-00:08:20.000-UTC	232.0945034	5.23644443	5539.122843
2021-06-27-00:08:21.000-UTC	232.0899501	5.31546759	5536.411491
2021-06-27-00:08:22.000-UTC	232.086632	5.393950128	5533.73194
2021-06-27-00:08:23.000-UTC	232.0832814	5.471228726	5531.116997
2021-06-27-00:08:24.000-UTC	232.0794592	5.551963913	5528.493992
2021-06-27-00:08:25.000-UTC	232.0743395	5.629915555	5525.858015
2021-06-27-00:08:26.000-UTC	232.0716789	5.709862867	5523.14669
2021-06-27-00:08:27.000-UTC	232.0678664	5.787213089	5520.517733
2021-06-27-00:08:28.000-UTC	232.0637383	5.866364295	5517.944566
2021-06-27-00:08:29.000-UTC	232.0590949	5.945167587	5515.150022
2021-06-27-00:08:30.000-UTC	232.0568685	6.024683482	5512.58276
2021-06-27-00:08:31.000-UTC	232.0516774	6.103549784	5510.022391
2021-06-27-00:08:32.000-UTC	232.0482543	6.18262771	5507.46311
2021-06-27-00:08:33.000-UTC	232.0442967	6.26131245	5504.793639
2021-06-27-00:08:34.000-UTC	232.0405269	6.341997569	5502.233975
2021-06-27-00:08:35.000-UTC	232.0372355	6.420023218	5499.59745
2021-06-27-00:08:36.000-UTC	232.0330029	6.499436082	5497.017944
2021-06-27-00:08:37.000-UTC	232.0281412	6.578224547	5494.5831
2021-06-27-00:08:38.000-UTC	232.0240834	6.65855982	5492.041027
2021-06-27-00:08:39.000-UTC	232.0218006	6.737073158	5489.324906
2021-06-27-00:08:40.000-UTC	232.0178945	6.817499442	5486.844197
2021-06-27-00:08:41.000-UTC	232.0148382	6.896407392	5484.339714
2021-06-27-00:08:42.000-UTC	232.0100307	6.974717938	5481.75766
2021-06-27-00:08:43.000-UTC	232.0056828	7.054297664	5479.353082
2021-06-27-00:08:44.000-UTC	232.001861	7.135832658	5476.835172
2021-06-27-00:08:45.000-UTC	231.9989876	7.214115099	5474.304792
2021-06-27-00:08:46.000-UTC	231.9933058	7.294385606	5471.826774
2021-06-27-00:08:47.000-UTC	231.9911835	7.372675338	5469.229136
2021-06-27-00:08:48.000-UTC	231.9866643	7.453821098	5466.944807
2021-06-27-00:08:49.000-UTC	231.9824597	7.533796365	5464.307048
2021-06-27-00:08:50.000-UTC	231.9783754	7.613488054	5461.8897
2021-06-27-00:08:51.000-UTC	231.9757302	7.692322953	5459.44115
2021-06-27-00:08:52.000-UTC	231.9712527	7.771217402	5456.977484
2021-06-27-00:08:53.000-UTC	231.9683319	7.851067163	5454.510771
2021-06-27-00:08:54.000-UTC	231.9638164	7.932919699	5452.237258
2021-06-27-00:08:55.000-UTC	231.9591001	8.012043891	5449.840126
2021-06-27-00:08:56.000-UTC	231.9556839	8.091954737	5447.25292
2021-06-27-00:08:57.000-UTC	231.9523932	8.171718595	5444.90615
2021-06-27-00:08:58.000-UTC	231.9489154	8.251424648	5442.604925
2021-06-27-00:08:59.000-UTC	231.944916	8.331736903	5440.056736
2021-06-27-00:09:00.000-UTC	231.9408296	8.412561911	5437.772369
2021-06-27-00:09:01.000-UTC	231.9362086	8.49334943	5435.409171
2021-06-27-00:09:02.000-UTC	231.9321717	8.573047006	5433.038505
2021-06-27-00:09:03.000-UTC	231.9300759	8.652647448	5430.648076
2021-06-27-00:09:04.000-UTC	231.9255747	8.734518551	5428.331895
2021-06-27-00:09:05.000-UTC	231.9212146	8.813739081	5425.96396
2021-06-27-00:09:06.000-UTC	231.9178563	8.893106277	5423.712851
2021-06-27-00:09:07.000-UTC	231.9136169	8.974749931	5421.381268
2021-06-27-00:09:08.000-UTC	231.9116837	9.0540545	5419.010083
2021-06-27-00:09:09.000-UTC	231.9062951	9.135059633	5416.716826
2021-06-27-00:09:10.000-UTC	231.9039807	9.216138889	5414.35265
2021-06-27-00:09:11.000-UTC	231.8984413	9.297709433	5412.198214
2021-06-27-00:09:12.000-UTC	231.895668	9.377337156	5409.89112
2021-06-27-00:09:13.000-UTC	231.8924302	9.457353637	5407.541106
2021-06-27-00:09:14.000-UTC	231.8873576	9.538966608	5405.260194
2021-06-27-00:09:15.000-UTC	231.8830367	9.61844576	5403.094684
2021-06-27-00:09:16.000-UTC	231.8798085	9.700828873	5400.717562
2021-06-27-00:09:17.000-UTC	231.8763585	9.780272911	5398.568314
2021-06-27-00:09:18.000-UTC	231.8734967	9.862959188	5396.260037
2021-06-27-00:09:19.000-UTC	231.8690429	9.943731751	5394.146472
2021-06-27-00:09:20.000-UTC	231.8645272	10.02203436	5391.895919
2021-06-27-00:09:21.000-UTC	231.8606125	10.10471891	5389.711322
2021-06-27-00:09:22.000-UTC	231.8584673	10.18551158	5387.373082
2021-06-27-00:09:23.000-UTC	231.8541166	10.2651645	5385.318696
2021-06-27-00:09:24.000-UTC	231.8504197	10.34708784	5383.134015
2021-06-27-00:09:25.000-UTC	231.845513	10.42731976	5380.913611
2021-06-27-00:09:26.000-UTC	231.8410283	10.50871837	5378.755519
2021-06-27-00:09:27.000-UTC	231.8392252	10.59022456	5376.522209
2021-06-27-00:09:28.000-UTC	231.8345152	10.67152741	5374.400323
2021-06-27-00:09:29.000-UTC	231.8314732	10.75276599	5372.276476
2021-06-27-00:09:30.000-UTC	231.8275679	10.83378041	5370.121182
2021-06-27-00:09:31.000-UTC	231.8241381	10.91456495	5368.103398
2021-06-27-00:09:32.000-UTC	231.8190418	10.99653872	5365.987863
2021-06-27-00:09:33.000-UTC	231.8161679	11.07897123	5363.870674
2021-06-27-00:09:34.000-UTC	231.812357	11.15923858	5361.595982
2021-06-27-00:09:35.000-UTC	231.808255	11.24060897	5359.574274
2021-06-27-00:09:36.000-UTC	231.8049321	11.32217549	5357.414331
2021-06-27-00:09:37.000-UTC	231.8006686	11.40241462	5355.447626
2021-06-27-00:09:38.000-UTC	231.7971779	11.48592759	5353.363361
2021-06-27-00:09:39.000-UTC	231.7934154	11.56685207	5351.291901
2021-06-27-00:09:40.000-UTC	231.7906139	11.64801877	5349.261243
2021-06-27-00:09:41.000-UTC	231.7869963	11.72989006	5347.24617
2021-06-27-00:09:42.000-UTC	231.7827162	11.81191665	5345.181017
2021-06-27-00:09:43.000-UTC	231.7774312	11.89239889	5343.114299
2021-06-27-00:09:44.000-UTC	231.775127	11.97303144	5341.036721
2021-06-27-00:09:45.000-UTC	231.7705679	12.05571278	5339.18521
2021-06-27-00:09:46.000-UTC	231.7668853	12.137303	5337.037442
2021-06-27-00:09:47.000-UTC	231.7626042	12.21867799	5335.178581
2021-06-27-00:09:48.000-UTC	231.7607255	12.30101228	5333.072441
2021-06-27-00:09:49.000-UTC	231.7565235	12.38265555	5331.11583
2021-06-27-00:09:50.000-UTC	231.7510947	12.46583859	5329.166535
2021-06-27-00:09:51.000-UTC	231.7485858	12.54592798	5327.313337
2021-06-27-00:09:52.000-UTC	231.7440785	12.62728479	5325.195435