
s = [[31.93048324, 38.19681995, 46.19598522, 44.25355795, 37.41332959, 22.04826483,
  20.96908879, 28.80950282, 26.25403612, 31.50486091, 36.8285428,  35.52489156,
  49.63603713, 39.99825998, 21.77869116, 29.65725473, 49.6743541,  37.18134305,
  25.79076637, 42.89144862],
 [46.99144336, 31.42927893, 32.10652217, 34.55801172, 38.77102181, 28.43068133,
  22.10312188, 43.05528798, 26.27057239, 47.79608507, 31.24996495, 28.77554547,
  33.34643775, 48.24482419, 33.0970441,  25.29988778, 43.26928444, 49.0720452,
  49.38390443, 33.19450623],
 [43.24670101, 45.59520199, 48.83045358, 24.26681444, 32.74059351, 29.10095136, 20.82746893, 45.93913027, 30.31425329, 21.77383705, 38.98392147, 25.52740719, 45.97726352, 42.57378253, 42.2788782, 23.93587752, 47.32893173, 27.24058564, 34.371239, 29.55432282],
[35.87914087, 27.41219472, 28.88779999, 43.81054279, 48.648336, 22.30365144, 43.70234753, 24.35449268, 23.86913477, 44.06809867, 26.31942056, 46.93647851, 41.46238766, 26.47166224, 30.07659208, 20.0198354, 26.07856602, 49.9477339, 32.80267644, 48.74709232],
[37.74340005, 41.18878391, 43.85643735, 47.61747468, 31.03206954, 35.01219295, 40.5493215, 35.87190418, 45.00056429, 23.21896663, 37.687703, 34.20368906, 24.46443172, 44.39022521, 27.71961732, 40.94519648, 30.55008061, 40.23623062, 39.28678402, 31.47883016],
[47.60110732, 34.51198888, 26.56844735, 35.06447811, 42.16105684, 24.47483167, 47.38737625, 35.895904, 49.12496188, 25.961715, 22.11553789, 23.53346684, 39.16716151, 35.41419372, 32.63854727, 21.99582129, 46.93665249, 24.08550468, 32.1805825, 49.63815143],
[24.19569514, 49.6859772, 34.99505715, 39.15894595, 29.37967723, 22.72716046, 43.88925303, 43.74385568, 34.53515845, 21.52132614, 36.14739943, 22.61713164, 21.35946759, 21.25964393, 40.91136209, 36.42504241, 20.17931988, 29.05990032, 25.36586224, 27.90418849],
[48.11410836, 31.74946529, 41.70390002, 27.86864239, 40.18038884, 33.11840241, 37.56521771, 48.31814535, 34.82560348, 38.71771844, 21.43920263, 24.4808317, 20.33372243, 26.96037663, 35.95708606, 25.81547581, 48.52140199, 23.11499591, 42.37419239, 20.29864516],
[36.32597047, 29.25795966, 34.44722415, 22.81119102, 41.23513355, 23.84228762, 31.63809242, 26.53149175, 41.15822811, 49.36918726, 46.72864399, 21.82100726, 22.16462226, 37.06608456, 26.22445547, 27.75613753, 37.12309413, 37.28107873, 36.72809729, 22.34622627],
[28.92281609, 35.60365512, 48.41926138, 22.91279756, 42.79182255, 34.01738887, 46.44599911, 36.32113659, 38.34169401, 48.80716134, 45.73945125, 47.72484531, 35.11794773, 33.08680162, 41.69423324, 30.91691847, 43.86868709, 47.92436476, 48.15225215, 28.2141109],
[30.81022514, 25.09832648, 42.58419538, 20.24354993, 24.82559362, 28.71423755, 25.5563128, 30.64955886, 27.26900214, 39.12704462, 21.96643388, 43.17318517, 23.40663002, 27.22919242, 46.91234031, 26.67400231, 48.76817485, 39.4436597, 21.20292157, 49.98946703],
[46.37813375, 46.44780037, 23.90370437, 39.97753649, 30.75854139, 41.0518319, 24.92856707, 21.93854051, 37.96776284, 32.52956292, 22.07847475, 41.38753333, 30.31489923, 21.56701892, 38.14488583, 30.38002588, 48.18140796, 21.30499304, 35.4072088, 38.78653213],
[29.45125228, 35.76152888, 30.78359506, 29.91816766, 24.00045663, 21.19973972, 35.22722548, 35.55543521, 33.20446413, 37.9723057, 40.17532043, 35.30203937, 48.61738269, 45.39818729, 24.64732644, 34.57782805, 41.05338542, 29.97397418, 40.9437089, 31.97844743],
[42.53447697, 21.98158648, 26.5862952, 32.46801087, 31.80025156, 36.37170387, 33.97381809, 32.03598028, 39.90544369, 44.79349712, 32.77112356, 47.30029728, 48.0217889, 36.54584556, 22.36614632, 44.43129269, 32.91595271, 33.5089961, 38.37480744, 47.59311741],
[43.22752398, 27.18641779, 25.24239498, 44.78314663, 40.22045531, 40.25074802, 47.24792528, 34.92952264, 37.31981612, 31.98767187, 27.01983513, 46.0464547, 42.38068318, 37.39657312, 42.61870601, 25.99175376, 23.50083306, 32.72874973, 34.84912041, 38.95231365],
[44.52095698, 43.18980344, 24.63674836, 21.95216451, 30.65730312, 31.51599625, 29.92329212, 27.68232963, 28.6666986, 48.75971211, 46.03920334, 41.52551434, 46.80566046, 42.40450699, 36.25487839, 46.45917874, 25.41237823, 21.77562293, 33.03378456, 25.36010978],
[39.00114075, 41.67851159, 47.57304687, 33.80681404, 40.46960677, 25.67071527, 47.9818598, 35.81685856, 24.75839201, 33.93235539, 40.15160901, 22.85906194, 47.5378991, 35.7887787, 42.84789365, 42.03920669, 37.72834292, 32.09199388, 42.49092615, 44.00234722],
[40.47670628, 41.94763187, 35.45378441, 42.54965671, 42.99575407, 33.51715652, 26.34509753, 35.95228053, 24.34879603, 36.19699688, 20.96522326, 32.85648669, 32.19696479, 28.58379205, 33.08303226, 32.02895653, 38.15126271, 39.73808331, 23.45334658, 23.00391279],
[22.89343893, 36.36833724, 30.3917827, 20.17632346, 21.39334709, 32.04015061, 36.00578325, 27.7465552, 35.89900017, 47.57906842, 41.10350997, 29.64923275, 36.68295337, 34.65095611, 21.41954617, 38.17938036, 46.1958813, 37.00719355, 29.16039408, 49.63593702]
]
u = [[-264372.95433081 -264377.95433081 -264366.95433081 -264381.95433081
  -264359.95433081 -264369.95433081 -264397.95433081 -264430.95433081
  -264372.95433081 -264398.95433081 -264365.95433081 -264405.95433081
  -264387.95433081 -264373.95433081 -264431.95433081 -264372.95433081
  -264430.95433081 -264383.95433081 -264431.95433081 -264357.95433081]
 [-283015.53208172 -283020.53208172 -283009.53208172 -283024.53208172
  -283002.53208172 -283012.53208172 -283040.53208172 -283073.53208172
  -283015.53208172 -283041.53208172 -283008.53208172 -283048.53208172
  -283030.53208172 -283016.53208172 -283074.53208172 -283015.53208172
  -283073.53208172 -283026.53208172 -283074.53208172 -283000.53208172]
 [-249948.41080665 -249953.41080665 -249942.41080665 -249957.41080665
  -249935.41080665 -249945.41080665 -249973.41080665 -250006.41080665
  -249948.41080665 -249974.41080665 -249941.41080665 -249981.41080665
  -249963.41080665 -249949.41080665 -250007.41080665 -249948.41080665
  -250006.41080665 -249959.41080665 -250007.41080665 -249933.41080665]
 [-266672.41717117 -266677.41717117 -266666.41717117 -266681.41717117
  -266659.41717117 -266669.41717117 -266697.41717117 -266730.41717117
  -266672.41717117 -266698.41717117 -266665.41717117 -266705.41717117
  -266687.41717117 -266673.41717117 -266731.41717117 -266672.41717117
  -266730.41717117 -266683.41717117 -266731.41717117 -266657.41717117]
 [-274678.07425019 -274683.07425019 -274672.07425019 -274687.07425019
  -274665.07425019 -274675.07425019 -274703.07425019 -274736.07425019
  -274678.07425019 -274704.07425019 -274671.07425019 -274711.07425019
  -274693.07425019 -274679.07425019 -274737.07425019 -274678.07425019
  -274736.07425019 -274689.07425019 -274737.07425019 -274663.07425019]
 [-272757.78292397 -272762.78292397 -272751.78292397 -272766.78292397
  -272744.78292397 -272754.78292397 -272782.78292397 -272815.78292397
  -272757.78292397 -272783.78292397 -272750.78292397 -272790.78292397
  -272772.78292397 -272758.78292397 -272816.78292397 -272757.78292397
  -272815.78292397 -272768.78292397 -272816.78292397 -272742.78292397]
 [-278893.22189669 -278898.22189669 -278887.22189669 -278902.22189669
  -278880.22189669 -278890.22189669 -278918.22189669 -278951.22189669
  -278893.22189669 -278919.22189669 -278886.22189669 -278926.22189669
  -278908.22189669 -278894.22189669 -278952.22189669 -278893.22189669
  -278951.22189669 -278904.22189669 -278952.22189669 -278878.22189669]
 [-257023.76296986 -257028.76296986 -257017.76296986 -257032.76296986
  -257010.76296986 -257020.76296986 -257048.76296986 -257081.76296986
  -257023.76296986 -257049.76296986 -257016.76296986 -257056.76296986
  -257038.76296986 -257024.76296986 -257082.76296986 -257023.76296986
  -257081.76296986 -257034.76296986 -257082.76296986 -257008.76296986]
 [-273844.99071257 -273849.99071257 -273838.99071257 -273853.99071257
  -273831.99071257 -273841.99071257 -273869.99071257 -273902.99071257
  -273844.99071257 -273870.99071257 -273837.99071257 -273877.99071257
  -273859.99071257 -273845.99071257 -273903.99071257 -273844.99071257
  -273902.99071257 -273855.99071257 -273903.99071257 -273829.99071257]
 [-264978.96840556 -264983.96840556 -264972.96840556 -264987.96840556
  -264965.96840556 -264975.96840556 -265003.96840556 -265036.96840556
  -264978.96840556 -265004.96840556 -264971.96840556 -265011.96840556
  -264993.96840556 -264979.96840556 -265037.96840556 -264978.96840556
  -265036.96840556 -264989.96840556 -265037.96840556 -264963.96840556]
 [-290976.46843391 -290981.46843391 -290970.46843391 -290985.46843391
  -290963.46843391 -290973.46843391 -291001.46843391 -291034.46843391
  -290976.46843391 -291002.46843391 -290969.46843391 -291009.46843391
  -290991.46843391 -290977.46843391 -291035.46843391 -290976.46843391
  -291034.46843391 -290987.46843391 -291035.46843391 -290961.46843391]
 [-276439.2091056  -276444.2091056  -276433.2091056  -276448.2091056
  -276426.2091056  -276436.2091056  -276464.2091056  -276497.2091056
  -276439.2091056  -276465.2091056  -276432.2091056  -276472.2091056
  -276454.2091056  -276440.2091056  -276498.2091056  -276439.2091056
  -276497.2091056  -276450.2091056  -276498.2091056  -276424.2091056 ]
 [-280096.70725872 -280101.70725872 -280090.70725872 -280105.70725872
  -280083.70725872 -280093.70725872 -280121.70725872 -280154.70725872
  -280096.70725872 -280122.70725872 -280089.70725872 -280129.70725872
  -280111.70725872 -280097.70725872 -280155.70725872 -280096.70725872
  -280154.70725872 -280107.70725872 -280155.70725872 -280081.70725872]
 [-278788.40650565 -278793.40650565 -278782.40650565 -278797.40650565
  -278775.40650565 -278785.40650565 -278813.40650565 -278846.40650565
  -278788.40650565 -278814.40650565 -278781.40650565 -278821.40650565
  -278803.40650565 -278789.40650565 -278847.40650565 -278788.40650565
  -278846.40650565 -278799.40650565 -278847.40650565 -278773.40650565]
 [-260161.03115331 -260166.03115331 -260155.03115331 -260170.03115331
  -260148.03115331 -260158.03115331 -260186.03115331 -260219.03115331
  -260161.03115331 -260187.03115331 -260154.03115331 -260194.03115331
  -260176.03115331 -260162.03115331 -260220.03115331 -260161.03115331
  -260219.03115331 -260172.03115331 -260220.03115331 -260146.03115331]
 [-251577.70825672 -251582.70825672 -251571.70825672 -251586.70825672
  -251564.70825672 -251574.70825672 -251602.70825672 -251635.70825672
  -251577.70825672 -251603.70825672 -251570.70825672 -251610.70825672
  -251592.70825672 -251578.70825672 -251636.70825672 -251577.70825672
  -251635.70825672 -251588.70825672 -251636.70825672 -251562.70825672]
 [-295913.87981152 -295918.87981152 -295907.87981152 -295922.87981152
  -295900.87981152 -295910.87981152 -295938.87981152 -295971.87981152
  -295913.87981152 -295939.87981152 -295906.87981152 -295946.87981152
  -295928.87981152 -295914.87981152 -295972.87981152 -295913.87981152
  -295971.87981152 -295924.87981152 -295972.87981152 -295898.87981152]
 [-272467.91828005 -272472.91828005 -272461.91828005 -272476.91828005
  -272454.91828005 -272464.91828005 -272492.91828005 -272525.91828005
  -272467.91828005 -272493.91828005 -272460.91828005 -272500.91828005
  -272482.91828005 -272468.91828005 -272526.91828005 -272467.91828005
  -272525.91828005 -272478.91828005 -272526.91828005 -272452.91828005]
 [-252969.7628233  -252974.7628233  -252963.7628233  -252978.7628233
  -252956.7628233  -252966.7628233  -252994.7628233  -253027.7628233
  -252969.7628233  -252995.7628233  -252962.7628233  -253002.7628233
  -252984.7628233  -252970.7628233  -253028.7628233  -252969.7628233
  -253027.7628233  -252980.7628233  -253028.7628233  -252954.7628233 ]
 [-272924.02568266 -272929.02568266 -272918.02568266 -272933.02568266
  -272911.02568266 -272921.02568266 -272949.02568266 -272982.02568266
  -272924.02568266 -272950.02568266 -272917.02568266 -272957.02568266
  -272939.02568266 -272925.02568266 -272983.02568266 -272924.02568266
  -272982.02568266 -272935.02568266 -272983.02568266 -272909.02568266]]
v = [[-372.39534771]
 [-348.67650749]
 [-279.80452776]
 [-328.60494505]
 [-300.03754697]
 [-401.57163989]
 [-424.59609638]
 [-371.95590424]
 [-363.68258371]
 [-407.01124633]
 [-465.96469618]
 [-391.91459482]
 [-460.65632052]
 [-453.68223332]
 [-300.06342485]
 [-367.66574018]
 [-456.21627155]
 [-408.30972195]
 [-395.68505221]
 [-319.13486822]]
