n: 7736182081319065065299979322365923213057280909894235948158435339065907861182099444485865860284191438695235876407849016746755729622324142199944601817305841

alpha:  [6892415679487196584828787918504776207824729679990871316965675370790961388633987942951908446348344647718399501015983013992613663697975972173236310921476568 4050310676119811212572221306019402935341564569293327950583439834826649348872674353367099468453971509905235321797840676411826356549298589400513066127923615]
[4960227903077242762499962983790318345406078667413183564566980268767043346618322131822835006676992397457654431827415077928326340853102617885439096509618769 1648262876789440845401427479221990169674151369163258412092629400911443638585693291744975255278299793620643925312862589134175144979857169300345617606715032]

beta: [3379536633641162889448005355697228437671374233357605546435083173936633719265854030476625480566423034091603255834338595214634933078420501073584913243865448 6423258751842486697305087005078690012245992193697354870941374968982049678204765468440302262798688505353114830135405620199862588266789206596717154318449443]
[6480907771825311889817570738453922835977678449556454115430955397804533565632311091831539655205767122423253706317647265485508740206535511121579369312816817 4063146489520238972209787063158426391795621385017635730115089821519169903787736984328786982918839226197859125293341520389646876793048569094001995502193615]

gamma: [2770373139888246045270385431321427510844952764705359357991301751190672487418989073854699823591943024588021022821011198163802173174729266922797239256458049 4768810598239143608832409990545687331783229751837412008818774083292394364767956096887448570583328712758573354152466486976729905277939266710703632053141226]
[6592041193139423577875507522608284553534565586169128887141035828121085586456686239308421730468716161775017144600607554626876943118170058698536581877763127 2502426846303464439621570063950670568191972953601794995029036431158802977891427935327193662420618642902603912938160964304720308456087354295302732152271585]

cipher text: [5402284271940099905686389984676819918833005833176438483953602462293574131447191772115588027489137725980191728662251853581178456570640773116208211975599231 1002722716967836932726190661672850821047206183104619485538759477441602395187509478530582967887267582114659815627922965086908306462702417519718497059303495]
[390086465346440420336743434754025934702117618842961282205627994599297659064058664583902462270672370565329178654250663360835245412530769193422187742060528 7229480721015667914440220674643289223555755489445744837220213894765791588095430181455412807983669806899411320444307454095010969615205943731053303890362965]