-0.594943,-1.696445
-0.436837,1.740150
-0.823502,1.770445
-1.553916,1.363347
-1.652406,-0.049086
0.106311,-0.927261
1.203986,-0.272090
-0.036181,-1.384699
-0.539199,-0.843545
-1.219543,-0.525769
-1.654499,1.041528
-1.098291,1.218134
-0.440455,0.483232
-0.580061,-1.539674
0.566417,1.802377
0.728853,-0.612204
1.974153,-1.611512
-1.029700,0.305759
1.989466,0.554089
-1.029700,0.305759
1.466879,0.828924
0.975022,-1.211876
0.719976,-1.828278
-1.050300,0.987985
-0.881738,0.202598
1.692304,0.327510
0.106776,-1.677220
-1.047683,1.945965
-1.240149,-1.934491
1.334960,-0.921559
-1.941298,-0.947085
-1.720111,1.810364
-1.200283,1.086620
0.956627,1.202906
1.801156,0.539822
1.728546,1.838838
0.684468,-0.779126
0.955958,0.874056
1.273731,1.980759
-0.043266,1.711604
-1.485019,0.174401
0.780172,-1.015599
-1.219543,-0.525769
0.863334,1.384574
0.032408,-0.291821
-0.318792,-1.473416
1.583514,0.380288
-1.205055,0.716294
0.816291,1.167196
-1.826938,-0.264212
-0.037387,1.613862
-0.682847,-0.447502
-1.972803,1.390903
-1.265291,-1.089851
-1.518878,0.393540
-0.304849,1.872842
1.489111,-1.133263
-1.442332,-0.816112
-0.325490,0.570984
-0.024662,1.005178
-0.371632,1.210928
-0.832026,-1.396878
-1.114816,1.334226
-1.155893,-1.103112
-1.396081,-1.881570
-1.164619,-0.086603
0.165756,-0.393118
-1.881258,1.322745
1.004232,0.647585
1.933157,1.892650
-1.737633,-1.017396
0.588812,0.841299
0.748303,0.369483
0.994072,0.358556
0.007242,-1.154119
0.050288,-0.648970
-1.410415,-0.299057
-0.114663,-1.682100
-0.396895,-0.493091
0.957232,-1.597968
-0.733656,1.605331
1.000816,1.398771
0.247315,1.141007
-0.091741,0.042572
1.707037,1.232349
-1.717184,-1.515178
-1.620682,-0.961281
-1.281239,-0.273666
-0.253322,1.625235
-0.587881,1.720293
-0.064381,-1.084945
1.427127,1.366709
1.505115,-0.736493
1.254511,0.036837
1.004232,0.647585
-1.779438,-1.858642
1.799993,0.606589
-1.937401,0.869205
1.161870,1.550687
-0.000341,0.671933
-0.836541,1.993730
1.932138,-0.438181
0.370478,1.643456
-0.315322,0.206673
-1.054763,-0.651973
1.382111,-1.735426
0.360171,-1.733587
0.067396,-0.127223
0.021297,1.478053
-0.068834,0.495467
0.323852,-1.719420
-0.052418,1.056332
0.113391,-0.489835
0.396460,0.299383
-1.184237,0.144247
1.223490,-0.912756
1.344974,0.315459
1.880167,-1.130459
1.737409,1.882449
1.601781,-0.359281
1.874988,-0.984499
0.393455,-0.657809
-0.272095,0.747515
-1.200283,1.086620
-0.439696,0.913819
0.086600,1.357851
-0.828943,0.747466
-1.715539,-0.284588
1.412712,-0.296688
-0.851502,0.241377
-0.277839,-1.971228
-1.456154,1.749256
0.071255,-1.192992
-0.628683,-0.687411
0.466285,-1.583444
1.950734,-1.225675
-1.393734,-1.213977
-1.354386,1.638706
-0.064381,-1.084945
0.005045,1.555049
-1.465949,-0.575002
-1.439563,1.435412
-1.654889,0.131721
0.777878,-0.797515
-0.119129,-1.837497
1.283342,1.092019
-0.486016,-0.312836
1.850279,0.048726
-0.881738,0.202598
1.689542,1.305430
-1.033865,-1.679642
1.063226,0.512108
1.138546,1.385193
-0.261328,-0.285385
0.258037,-0.386305
1.443551,1.793504
-1.567131,-0.708767
1.283342,1.092019
-0.937837,1.176815
0.155128,1.751314
0.449067,-0.213774
-0.362408,0.065395
-1.710290,0.838193
1.163305,0.212035
-1.575849,1.442602
0.682150,1.167066
0.982564,1.264492
1.486934,-0.874370
-0.295436,1.720434
-0.587881,1.720293
-1.733563,1.266657
-1.493365,-1.236151
-0.243358,-0.299374
0.643714,-0.708317
1.230601,-0.360631
-1.354386,1.638706
-0.313426,-0.855341
1.692600,0.432289
1.115919,1.022415
-0.738464,-0.590942
0.289429,-1.839420
-0.419347,-1.303166
0.239915,-1.353865
-1.069105,-0.618773
0.254644,0.988932
-1.573150,-1.790586
0.950505,-1.772461
-0.457418,1.654884
1.791836,0.525987
0.742338,0.631116
0.584491,-1.055152
-0.234200,-0.196727
-1.022657,-0.559212
-0.146848,-1.667697
-0.346308,-1.963694
-0.245814,-0.708682
1.699254,-1.750793
1.171166,1.367727
1.061392,-1.085292
0.828398,-0.469258
0.944128,-0.365327
0.766445,-0.427903
-1.042969,-1.006625
0.482769,1.172574
-1.779707,-0.828455
0.495785,0.668762
-0.107483,0.941371
-0.497191,1.750977
0.498796,1.765835
1.082414,-0.849299
1.576476,0.601612
0.341670,-1.642818
-0.183370,-0.089258
0.038952,1.704690
0.655441,-0.768085
-0.457418,1.654884
-1.110722,1.280849
-1.440088,-0.226710
-0.525552,-0.428455
-1.488234,-1.096679
-1.234539,1.992300
1.575763,0.828669
1.860011,1.176779
0.788496,-0.183757
-0.236321,1.125316
-0.868079,-0.428547
1.012353,-1.465019
0.811725,-0.348710
-1.842552,1.388690
0.576623,0.793942
0.370524,0.054851
0.906748,1.618337
-0.451402,-0.292783
-0.273622,1.959124
1.345268,-0.745606
0.499878,-1.165069
1.828659,0.379596
1.107297,0.552283
-1.816535,0.257149
-1.071786,0.143814
1.763303,-0.762858
-0.729121,-0.336442
-0.518396,-0.461289
-1.746479,1.962806
-0.341322,-0.074955
-1.033865,-1.679642
-0.698162,-1.246446
-1.653176,1.611843
-0.653901,0.553476
-1.661350,-1.518445
-0.854947,-1.611571
-0.114663,-1.682100
1.858008,0.669026
-0.629343,-1.616926
-0.851821,0.127729
-1.840206,1.786856
1.561874,1.972573
-0.442506,0.244393
-1.605606,1.833208
-1.782525,0.780387
1.764213,1.745820
-0.844199,-1.358307
1.685420,-1.795097
-0.474794,-1.808742
-0.091778,0.264181
-0.323250,-0.729260
1.830638,1.163690
0.680959,1.322440
-0.225229,-0.630193
-0.108269,1.767801
1.097545,1.687023
0.238846,0.632698
-0.813647,-0.651519
0.044240,0.918648
-1.656421,0.236784
-0.010195,1.824682
1.038543,0.928792
1.629588,0.312711
0.263351,1.514023
1.384908,1.241581
-0.911153,-0.287273
0.646711,0.653357
1.702883,-0.961238
-0.228653,-0.809664
-0.622501,-1.145683
-0.076293,-1.924851
0.980468,-0.757095
0.493425,-1.279017
-1.840206,1.786856
-0.445475,-1.958379
0.502663,0.349990
-1.042969,-1.006625
0.084248,-1.843670
0.113899,-0.842642
-1.446843,-0.540578
1.595320,0.177838
-1.696084,0.064006
-0.801965,-0.636874
-0.193243,-1.402054
0.643714,-0.708317
-1.542673,-0.306020
0.610766,1.869622
-1.308861,1.032544
0.935978,-0.872047
-0.364328,0.809169
0.780172,-1.015599
-0.169400,-1.311364
0.086600,1.357851
0.151405,-1.986676
-0.698639,-1.278976
-1.969875,-0.409093
1.851795,1.543130
-1.772645,-1.313578
-0.471827,0.619337
1.215171,1.044485
0.059307,1.584603
-1.872691,0.711237
1.372983,1.258036
1.935370,-1.647892
-1.850205,1.154782
0.342117,1.481524
0.161501,-0.787862
-0.979438,0.288369
1.016032,-1.324872
-1.583791,-1.231139
0.953018,-0.850136
0.222124,0.044830
-0.678960,1.893129
-1.520383,0.549051
1.485445,-0.323048
1.737244,0.390350
0.686428,-1.802573
1.763303,-0.762858
-1.410415,-0.299057
-0.342770,-0.750073
1.215339,-1.237746
-1.172372,-0.142440
0.859796,-1.400304
0.867071,-0.196239
1.467320,-1.744567
-0.624970,0.551406
0.807941,-0.217790
0.074585,-0.373779
-0.553581,-0.327737
0.853071,0.192069
0.828398,-0.469258
-1.894122,0.149981
0.493425,-1.279017
1.224604,0.903395
-1.640346,1.958456
0.423423,-1.250325
1.858008,0.669026
1.678469,-1.993695
0.341119,1.198320
-1.987526,0.902001
1.100217,0.320678
1.689542,1.305430
1.493355,-0.244291
0.139379,-1.905850
-0.135034,-0.503563
-1.292006,-0.983721
-1.244642,1.405319
0.062153,1.577750
-0.763112,0.938965
-1.520383,0.549051
-0.474794,-1.808742
-1.420685,-1.615910
0.495785,0.668762
1.111676,0.818289
-0.346308,-1.963694
-1.006958,0.262262
0.195293,1.473992
0.603100,0.947034
-0.607782,-1.740719
-0.062129,1.400981
-0.737843,-0.453364
-0.654337,-1.561663
-1.928188,-0.900433
0.460718,0.679525
-0.949036,1.548092
-0.525552,-0.428455
-0.187673,0.190162
0.885103,0.151073
1.489609,1.830731
-1.451549,0.419905
0.090188,1.339088
-1.524793,-1.240506
1.698241,-0.087755
1.489205,-0.392523
-1.572454,0.436554
1.516740,-1.705885
0.042625,-1.084272
-0.241064,-1.387805
1.312190,-0.015976
0.575003,0.430229
-1.781087,-1.882220
1.757529,-1.805072
0.281459,-1.221988
0.255970,-0.481036
1.228403,-1.021384
-0.026539,-1.740915
-1.931710,0.038957
-0.396895,-0.493091
-1.378354,-1.418014
-1.803370,1.123060
1.417655,-0.436864
-1.941298,-0.947085
-0.270289,1.209449
-1.163633,0.633910
1.569785,0.981985
-1.915913,1.483618
-0.878413,-0.996886
-1.517978,-0.612317
1.397068,0.106880
-0.026539,-1.740915
0.933427,0.283992
1.100217,0.320678
-0.228653,-0.809664
1.663435,1.812394
1.983234,-1.485107
1.858545,1.717284
-0.135278,0.505585
0.472561,1.248483
1.401433,0.097647
-1.954024,1.037727
-0.265457,-1.280122
-0.262825,1.306533
0.264833,-1.515343
0.323852,-1.719420
0.081838,1.036081
-0.239950,0.852955
0.946847,0.784451
1.081716,-1.750059
1.097545,1.687023
1.521539,-1.532294
-0.169400,-1.311364
0.853071,0.192069
0.439894,-1.887296
-1.785740,1.671480
-0.910053,-1.640636
1.369500,-0.169935
0.036498,1.890864
-0.395027,-1.402696
-0.778516,1.605803
1.807064,-0.400760
-0.289017,-0.818296
0.860707,-1.335234
1.938897,1.061957
-1.491813,-0.526176
-0.690869,0.546131
0.165756,-0.393118
1.183695,0.171772
-0.595449,1.169803
-1.695518,-0.082607
0.941105,0.125457
1.358086,0.150339
0.566270,1.060397
-1.555578,0.897572
-1.364854,-1.744791
1.507432,-1.376893
0.955958,0.874056
-1.983996,-1.404733
-0.363105,-0.503901
1.042050,-1.684373
-1.150694,0.846541
-0.994497,-0.813165
1.773763,1.337797
-1.480267,-1.388177
0.301518,1.625281
0.665473,0.328737
-0.486016,-0.312836
-0.255117,-1.671492
0.485563,0.858010
0.287815,-0.451841
-1.597370,-1.832424
0.842995,1.342525
0.408102,-0.433581
-0.349748,1.485885
-1.765610,-1.815541
-0.261328,-0.285385
-1.764087,0.189414
0.097849,0.044571
0.047909,0.833878
-1.076194,-0.357833
0.291680,0.552434
-1.012411,-0.691630
1.254815,1.521729
0.501474,1.110843
-0.371632,1.210928
-0.342259,-1.056125
-1.991942,0.697736
0.626807,-1.746032
1.976258,-0.704578
1.999551,1.845220
-1.722409,-0.361710
0.154844,-0.072112
1.569117,-0.855685
-1.803633,0.242148
1.921012,0.452475
0.330448,0.241416
1.748858,0.594509
1.545238,0.650787
-0.939362,-0.858169
0.556522,-0.294120
-0.424562,-0.166456
-0.196228,0.909276
0.534617,0.012441
0.320541,-1.888223
1.086917,0.417323
1.652164,0.358266
-1.444116,-0.129886
-0.682477,-1.759290
1.998899,1.758613
-1.721389,0.281292
1.489205,-0.392523
-0.416346,-0.371516
1.782163,-1.647920
-1.869139,1.172008
-1.720038,1.812826
-1.978360,-0.644246
-1.748596,-0.604443
1.583514,0.380288
1.351312,1.422857
-0.747947,-1.812701
1.773852,-1.994304
0.291680,0.552434
-0.443435,0.007513
-1.271361,-0.468878
0.281459,-1.221988
1.999078,0.837862
-1.715573,0.299412
-0.139431,0.789629
1.830084,-1.829855
0.999190,1.613722
-1.155893,-1.103112
0.165411,0.661711
-1.234548,1.042404
1.006552,-1.731443
1.427127,1.366709
-0.400592,-0.656363
-1.392950,1.482824
-0.317289,0.808967
-0.613296,0.960766
-1.240149,-1.934491
1.695884,1.771859
1.034382,0.639382
-1.121425,1.707172
-1.836354,1.249262
1.889780,-1.997611
-0.308386,0.206450
1.100036,-0.224998
-0.721440,-0.848905
-0.842380,-0.507666
1.944089,1.114494
0.037580,-0.217895
1.932138,-0.438181
1.582757,0.915320
0.662663,0.732266
-1.748596,-0.604443
-1.677664,1.359945
0.062153,1.577750
-0.956521,0.141717
0.459046,-1.690620
-1.493910,1.348208
-1.825492,0.504377
-1.890344,0.056275
-0.445475,-1.958379
0.358412,-0.203026
-0.853421,0.869288
-1.790898,1.803326
-1.147074,-1.794984
1.879956,1.817555
0.644151,0.553951
-1.116549,0.132352
1.480815,-1.101116
1.828094,-1.200983
-1.159309,-0.440933
-0.310415,0.897726
-0.432198,1.173531
-0.108269,1.767801
-0.897094,0.938124
-0.234200,-0.196727
-1.253093,-0.568830
-1.219543,-0.525769
0.603100,0.947034
-0.691162,0.050257
1.050302,-1.224231
-1.626698,-0.887868
0.222124,0.044830
-0.363105,-0.503901
-1.523995,-0.922981
-1.809383,0.840602
-1.483751,-0.915065
1.715437,1.471617
0.220907,1.231740
-1.725516,0.463261
0.375867,1.123942
-0.776155,1.761239
-1.105732,-0.260378
1.779275,0.291427
-1.442034,1.950639
1.665537,0.429013
1.154014,1.126138
-0.877205,0.675813
0.439602,-0.524182
-0.259528,1.841147
-1.364037,-0.133618
-1.758086,0.140185
-0.645424,-0.291380
1.093814,0.040304
-0.230832,0.695916
0.987143,0.519853
0.719976,-1.828278
-1.558067,0.104367
-1.983996,-1.404733
-1.134833,0.339303
-1.656421,0.236784
-0.949682,-0.359900
1.864787,0.984546
0.042470,-1.477054
0.107798,-1.887048
1.306876,0.867102
-1.001595,0.174394
0.662663,0.732266
-0.294321,-1.193848
1.992762,0.279310
-0.346308,-1.963694
1.791836,0.525987
-0.839767,0.233322
1.801991,1.244536
-1.131262,-1.904722
-1.850205,1.154782
-1.579646,1.535931
-1.686253,-0.042500
-0.868079,-0.428547
0.982564,1.264492
0.566270,1.060397
-0.438835,-1.272942
-0.220678,-0.274665
-0.395027,-1.402696
-0.342259,-1.056125
0.291680,0.552434
-1.356289,1.299974
1.676726,-1.653342
0.128692,0.727851
-0.563272,1.965222
1.879449,0.586553
0.452068,-0.604003
1.692882,1.824264
1.273731,1.980759
0.425075,-1.004897
1.156075,-0.920097
-1.570745,-1.403386
0.177880,1.762640
1.429033,-1.936258
0.636365,-0.009698
-0.186582,0.411423
0.183461,1.354317
-1.724107,1.550678
-1.748596,-0.604443
0.975721,1.833105
-1.657091,-1.090210
-0.310415,0.897726
-1.372199,-1.616451
0.329895,0.017084
-1.447951,0.742340
1.251777,0.852770
1.206680,-0.443192
0.476969,1.677183
0.899504,0.106898
0.536550,-0.640323
1.989466,0.554089
1.418857,-0.812914
-0.026539,-1.740915
-0.145969,-0.288973
-0.272095,0.747515
-1.446843,-0.540578
-1.570745,-1.403386
-0.259954,-1.491271
-1.162940,1.498003
-1.102467,1.369836
0.387044,-1.151765
-0.447123,-0.614653
1.000816,1.398771
1.409842,0.852942
0.867797,0.742795
-1.205055,0.716294
1.552854,-0.291250
1.781893,-1.788686
0.423423,-1.250325
-0.554735,-0.549755
0.020281,1.522455
0.780248,-0.065014
0.921300,-0.205257
1.254815,1.521729
0.021012,-1.308399
0.214520,-0.452528
1.828094,-1.200983
1.485466,-1.050693
0.576466,-0.780807
0.805907,-0.536884
1.187775,-1.010366
-0.863754,-0.958635
-1.042969,-1.006625
-1.540912,-1.728134
-0.164712,-1.567903
0.370524,0.054851
-0.185486,-1.733405
-0.197858,-0.004030
0.123498,-1.599051
-0.584360,1.793956
1.692882,1.824264
1.130654,0.873982
-0.042435,-1.011844
0.342117,1.481524
0.042470,-1.477054
0.446149,-1.643887
-0.607849,1.388311
0.502663,0.349990
1.194610,0.719208
-0.823502,1.770445
1.979350,-1.879818
0.149419,0.163839
0.711098,0.209676
1.188070,1.864333
1.767968,-1.891662
-1.493365,-1.236151
0.651124,0.402511
-0.369758,-0.129838
0.304994,0.066193
0.526158,-0.566906
0.239915,-1.353865
0.728853,-0.612204
-1.287017,1.743595
-1.253093,-0.568830
1.107297,0.552283
-0.690869,0.546131
0.055644,-0.561667
0.504704,-1.512927
-1.110722,1.280849
0.777878,-0.797515
0.292004,0.973443
-1.558096,1.361709
-0.342770,-0.750073
-1.722409,-0.361710
0.318286,0.430289
-1.084193,0.963621
-1.355052,-1.094048
-0.239909,-0.891204
-0.994497,-0.813165
1.799993,0.606589
-1.068640,-1.948945
0.354734,1.290128
0.942773,1.110171
-1.918785,0.749536
-1.104665,0.417079
1.107297,0.552283
-1.873473,1.122359
-0.687818,0.238738
-1.736716,-0.641707
-1.870923,-0.253600
-1.189577,-1.969775
0.933027,1.076610
-0.490563,0.057907
-0.451631,-0.883860
-1.100239,-1.292094
-0.737136,-0.735273
-1.537287,1.096618
-0.390114,1.413356
0.726115,0.282697
0.281459,-1.221988
0.653916,0.811683
1.514848,-1.594998
0.375492,1.377658
1.988636,0.232175
1.606327,-1.300558
1.251777,0.852770
-0.863123,-0.332278
0.598560,1.641932
-1.604157,0.632496
1.830084,-1.829855
0.603100,0.947034
0.071522,-0.230945
0.166675,0.533946
-0.548122,0.662599
-1.412575,1.911688
1.911511,1.485226
-0.766581,-1.239731
1.052252,-1.464743
0.816291,1.167196
0.678591,1.903036
-1.120765,0.051874
0.027477,0.550295
0.396604,0.220396
-0.790067,1.266918
-0.357363,0.889238
-0.157656,0.379784
0.983113,-1.320666
1.283467,1.137353
-1.386721,-0.404676
-1.620682,-0.961281
1.283199,-0.564920
0.566270,1.060397
-0.594828,1.668422
0.998198,-0.642984
0.054790,-1.799786
-1.791306,-1.226016
0.987862,-0.188553
-1.587132,-1.390549
-0.368072,-1.318045
-1.764087,0.189414
1.561852,-1.778375
-1.165936,-1.433328
-0.119129,-1.837497
-0.990363,0.420426
-0.122593,-1.110690
-0.401469,-1.085465
-0.449983,0.507724
0.074497,-1.290136
-0.879466,0.082588
-0.108911,-0.030782
1.655954,-0.302992
-0.500519,0.134771
0.378763,1.881208
-1.260810,0.260338
1.645399,-1.183459
0.517191,1.665489
0.395490,-0.951794
1.566674,0.168364
0.162982,0.214473
0.654500,-1.845364
-0.154093,-1.058186
1.899187,-0.236627
-0.357956,-1.587499
-1.059533,-1.159232
0.495785,0.668762
1.936728,-0.294263
-1.024916,1.313355
0.953018,-0.850136
-0.997778,0.839071
-0.597387,1.161142
1.156075,-0.920097
-1.104665,0.417079
-1.376271,0.616798
1.318527,-0.111640
-1.608736,1.821246
0.811499,1.438906
1.417519,1.947728
-0.044103,1.872744
1.744929,1.082151
-1.884166,-1.318426
0.113391,-0.489835
1.417519,1.947728
1.831895,1.280338
0.491721,0.230056
-1.184237,0.144247
1.364478,-0.908264
1.667722,1.672905
-0.849432,0.128178
-1.179626,0.697814
0.485924,1.071628
1.569117,-0.855685
0.079757,1.250702
1.998899,1.758613
0.869844,-1.760459
-0.829060,1.320258
1.486934,-0.874370
1.707136,-1.274849
1.516458,0.577975
-0.779002,-1.292038
0.955633,1.388676
1.094375,1.775198
-1.710555,-1.387990
0.241548,-1.056613
-0.262211,-0.754602
-0.066820,-0.746176
0.501992,0.604034
0.859796,-1.400304
0.374655,-1.400695
0.960670,0.594688
0.682593,1.062259
1.057714,1.747434
-1.572454,0.436554
1.459254,-0.128621
-1.364037,-0.133618
-1.054763,-0.651973
-0.717883,-0.935000
-0.164712,-1.567903
1.968170,0.473608
-1.242672,-0.994779
-1.777882,1.994799
-1.533752,0.610662
-0.711222,-0.504385
0.344202,-1.823267
1.278848,-1.172486
1.097545,1.687023
-0.265457,-1.280122
0.154380,0.787624
0.464600,0.424961
1.570707,1.162412
0.647592,1.331339
1.395782,-0.441261
1.107297,0.552283
-0.388371,1.105058
-0.473858,-1.316524
-0.075029,-0.565640
-1.012829,1.226953
1.711289,0.496155
0.107007,1.044820
-0.688189,-0.703118
-1.572454,0.436554
1.774166,0.094500
-0.927711,0.467756
1.179815,-0.193723
0.626331,1.733422
-0.867569,-0.722708
1.652164,0.358266
-0.567027,0.776226
-1.476544,-1.359910
0.689743,1.844815
1.366279,1.993343
0.685873,1.683871
-1.865997,0.183852
-0.836541,1.993730
1.333228,-1.786765
1.828094,-1.200983
1.678298,1.047235
0.763789,0.909339
-0.332847,1.190969
0.685169,1.670451
-0.691162,0.050257
-0.654337,-1.561663
1.360643,-1.959798
1.283342,1.092019
-0.874931,0.019991
-1.006958,0.262262
0.680959,1.322440
0.847089,1.149245
0.719976,-1.828278
-0.869627,0.682423
0.750115,0.831845
0.056232,0.484906
-1.251379,-0.093474
1.167066,0.088481
-1.225672,-0.236220
1.006271,-1.334972
0.878896,-1.970649
-0.134365,-0.132106
0.106311,-0.927261
1.351175,1.944577
1.326443,1.900504
0.915821,1.298932
-1.941175,-0.126162
0.647992,-1.155192
0.965705,1.914095
1.874988,-0.984499
0.160852,1.544308
-0.187673,0.190162
0.843788,1.161707
-0.782965,-1.349285
0.212436,-0.101831
0.837720,1.797325
1.354843,1.937452
1.773763,1.337797
0.869200,-1.774502
-1.642686,-0.109163
-1.374469,-0.181653
-0.271378,-1.099874
-0.856301,-0.699876
0.753671,0.902164
1.302400,-1.928670
1.300999,-1.572040
-0.727053,0.973927
0.651536,1.933070
-0.091459,0.763315
-1.231951,1.600543
0.885570,0.459453
-0.888923,-1.605767
0.290768,1.968088
1.372812,1.967364
0.871107,0.534041
0.771287,0.217204
0.991832,1.500095
0.705026,1.641575
0.569197,-0.333285
-0.170878,0.067051
0.203457,-0.622581
-0.480693,-0.594948
0.045374,-0.523761
-0.259528,1.841147
-1.588624,-0.066746
0.970776,1.331255
0.313241,-0.703744
1.108726,1.614113
1.749938,-0.435966
1.323347,-0.787598
1.195533,-0.643569
-0.995175,-1.983955
1.722520,1.839035
1.613581,-0.384488
0.113899,-0.842642
0.543535,0.734742
1.335687,1.924213
0.827943,1.179002
1.400399,1.990504
0.558019,-0.219288
1.228403,-1.021384
-0.496413,-0.575834
-0.665674,-0.050102
1.877224,-1.496044
-1.022657,-0.559212
1.122406,-1.568948
1.335998,1.927062
-0.987506,0.106522
1.296406,-1.900873
-1.240149,-1.934491
1.336913,-1.684328
1.124574,0.704421
1.372983,1.258036
-1.247464,-0.226709
1.035315,-0.312797
1.303958,-1.888800
-1.874528,0.189470
0.974650,1.940460
1.112399,1.990910
-1.731344,1.333807
-1.834848,-1.539376
1.353478,1.984587
1.352146,1.947892
0.323689,0.511625
0.304373,1.912443
-1.372199,-1.616451
-0.567358,1.265478
0.962671,0.683799
1.875639,-0.549370
1.569117,-0.855685
-0.262211,-0.754602
-1.725990,0.966884
-1.200023,-0.609648
-0.697766,-1.888370
-1.842552,1.388690
0.395021,-0.755061
1.387633,-1.242106
-1.523995,-0.922981
1.300484,0.233781
-0.868079,-0.428547
1.763707,-0.310682
-0.868198,1.872420
-1.827183,1.601959
-0.287703,0.128036
-0.477067,-0.893236
-1.606777,-0.681543
1.254815,1.521729
-0.864547,1.911347
0.702320,-1.055898
0.216193,1.665281
-1.362260,1.489272
0.839116,-1.241353
-0.779002,-1.292038
1.341659,1.936139
-0.628683,-0.687411
0.364254,1.183534
0.475957,-0.381454
1.498363,-1.260754
0.156338,-0.067071
0.605089,-1.254834
-0.428640,0.171133
0.042625,-1.084272
1.108699,-0.361406
1.581484,0.884219
0.262493,-0.608185
-1.600912,-0.073975
1.078645,-1.270762
-1.389582,-1.672217
1.250442,-1.504278
-0.527950,-0.524428
-1.053646,-1.505583
1.360643,-1.959798
-0.368072,-1.318045
1.215356,-0.259465
-0.776162,0.134216
-0.450745,1.841048
1.131760,-1.578102
0.974575,0.977901
0.918036,1.968398
0.575997,0.845972
-0.048451,-0.304354
0.935978,-0.872047
-0.119795,-0.022268
-1.653176,1.611843
-0.357956,-1.587499
1.302210,1.921130
0.396460,0.299383
-1.200023,-0.609648
0.962669,1.324258
-0.449685,-0.568191
-1.112637,-1.423891
1.337057,1.684115
-1.122794,-1.770301
0.847263,1.248689
1.251777,0.852770
1.950734,-1.225675
-0.160966,0.054322
-1.187808,0.878597
0.214520,-0.452528
1.393677,-0.513932
1.187775,-1.010366
-0.407751,-0.380959
0.211363,1.078038
0.132659,-0.035180
-1.850205,1.154782
0.079461,-1.645530
1.794005,-1.438255
-0.221461,-0.095866
-0.633806,-0.236601
-1.197540,-0.101068
-1.757273,-1.496745
1.295111,1.201802
-1.902983,-0.159072
-0.457418,1.654884
1.324823,1.843071
-1.207369,1.325242
1.833075,0.393266
0.670897,1.009552
0.661110,1.698066
-0.270774,0.191239
-0.341978,-0.873419
-0.723082,1.861369
-1.354386,1.638706
-1.068203,1.718773
0.082817,-0.296163
1.366881,1.981661
-0.624970,0.551406
-1.449108,1.794111
0.970776,1.331255
-1.522416,-1.932538
-0.304849,1.872842
-1.753488,-0.232314
0.845560,1.954854
1.109950,-1.438820
-1.012370,-1.574629
-1.046489,-0.129605
0.510944,1.155229
-1.172372,-0.142440
-1.244642,1.405319
0.946847,0.784451
1.263381,-1.512764
1.392576,-0.487016
-0.186582,0.411423
1.353080,-1.960218
0.081838,1.036081
1.194092,-1.326081
-0.221461,-0.095866
-0.432198,1.173531
-0.052418,1.056332
1.656320,-1.013149
-1.600965,0.079132
0.324094,0.184516
0.090736,0.238725
0.974104,-0.483535
1.228403,-1.021384
-0.046753,1.054713
0.495785,0.668762
-1.425241,0.929580
-0.318792,-1.473416
-1.517984,1.667531
-0.905236,0.849700
0.614073,-1.263034
0.871107,0.534041
0.090736,0.238725
0.655441,-0.768085
1.106333,0.589928
1.852250,0.270412
-1.645617,-1.449521
-0.729121,-0.336442
-0.235430,0.350009
-1.200283,1.086620
-1.287541,-1.569622
1.205736,-1.354580
0.244886,-0.717884
0.212436,-0.101831
1.322822,1.790880
0.754966,-0.537049
-1.518998,-1.333778
-1.585045,0.065295
1.329818,1.818713
0.960032,1.872453
-0.873162,-0.012342
-1.110722,1.280849
0.859956,-1.124149
0.497457,0.702948
0.847089,1.149245
1.326112,1.816873
0.502527,0.371219
0.152120,1.558986
-1.969705,1.894276
0.132659,-0.035180
0.985395,-0.909234
-1.894122,0.149981
0.678591,1.903036
1.349532,-1.982170
1.397165,-1.176766
-0.531338,-1.336937
-1.717184,-1.515178
0.763789,0.909339
0.069248,1.378592
-1.176157,-1.739538
-1.553490,0.030994
1.324944,-1.118207
-1.518269,0.694119
0.971838,1.320813
-1.295498,-0.049482
1.311609,1.851668
-1.608421,1.151621
0.857954,1.263960
0.114244,-0.233369
0.960981,1.900929
-0.205817,-1.461433
-1.046489,-0.129605
1.331663,-0.471441
1.574554,-0.975281
-0.878248,-0.001092
0.026303,-1.509056
-0.261011,0.769401
0.989613,-1.331592
1.467320,-1.744567
0.991832,1.500095
0.813609,-1.943617
-1.937714,-1.297612
-1.577450,-0.055597
1.380591,-0.797794
0.078109,1.686743
0.753671,0.902164
-0.135278,0.505585
0.698170,1.476906
0.140621,0.023956
-0.887607,-0.029540
1.313765,1.833304
0.104372,0.959071
0.239545,-0.115346
0.097395,-1.824298
0.265605,0.141274
1.147219,0.938262
1.302210,1.921130
0.435951,0.134459
0.810782,1.944807
0.753808,0.893852
-0.422119,-0.173602
-1.960391,-0.180267
-1.084193,0.963621
0.131805,0.011386
-0.904217,-0.049956
-0.660315,0.054092
1.745785,0.379108
-1.958528,-1.142359
1.328534,-1.943508
0.866684,1.965409
-1.335635,-0.014295
0.974359,1.932261
-0.930471,0.741470
-0.752084,0.161314
0.914678,-1.957217
-0.995663,-0.110286
0.238275,0.115997
0.485924,1.071628
1.830084,-1.829855
-1.608736,1.821246
0.206501,-1.433431
1.370526,1.995054
1.112698,1.320137
0.591679,1.437699
0.369602,0.295306
1.049752,1.337444
-0.891768,-0.029618
-0.128505,-0.028711
-0.607849,1.388311
0.875928,1.966615
0.132177,0.032829
-1.182916,0.118231
1.242985,-1.502343
1.348622,0.938101
-1.989430,-1.757095
1.371574,-1.970350
0.843839,-0.242835
-0.134365,-0.132106
1.255098,1.431011
0.246366,0.120163
-1.951815,-0.119546
1.858008,0.669026
1.948779,-1.602543
1.397165,-1.176766
1.807064,-0.400760
0.070536,1.886815
0.575003,0.430229
-1.406645,0.308068
1.782163,-1.647920
0.227664,-1.067129
0.855130,-1.226236
0.195647,-0.213485
-0.122439,1.871132
1.249168,0.190479
-0.927048,1.548206
-1.803633,0.242148
1.035315,-0.312797
1.392403,0.427379
-1.947658,-1.365731
0.180503,1.034862
0.210657,1.363926
0.842172,-0.434676
-0.441755,-0.208175
1.775895,-1.993835
-1.815477,1.609894
-1.154000,-0.828034
1.395782,-0.441261
0.179209,0.079421
1.988636,0.232175
0.517191,1.665489
-1.861522,0.180393
0.021012,-1.308399
-1.114816,1.334226
-1.071786,0.143814
-1.801989,-0.497845
1.331160,-1.790792
0.637306,1.808447
-0.250951,1.900425
-1.668825,-0.189517
-1.874528,0.189470
-0.368247,1.927533
-1.180754,0.296445
-1.068203,1.718773
-1.577563,-0.056295
0.962669,1.324258
-1.301510,-0.468609
1.762173,-1.387997
0.859601,-1.267872
1.922513,1.327824
-1.207369,1.325242
-1.649320,0.111421
0.770166,0.938118
0.385075,1.981874
0.775834,0.096180
1.792801,-0.707861
0.380545,-1.044352
-0.108269,1.767801
1.383581,-1.999813
1.316988,1.930932
0.449067,-0.213774
0.609954,1.252143
0.479267,-0.664657
0.387091,1.149584
-1.155759,0.451646
0.847686,-1.143307
0.345403,1.908462
0.277190,1.326342
-0.128505,-0.028711
1.109950,-1.438820
-1.521992,-0.794177
0.160495,0.723354
-0.168116,-1.274139
-0.534708,-0.166158
1.215171,1.044485
1.924160,1.082522
0.238275,0.115997
0.970367,0.310116
0.272555,-1.372611
-0.616079,-1.528455
1.208559,1.617105
-1.186945,0.094043
-0.802711,0.463063
0.857972,1.255743
0.996064,-1.334821
0.191250,-1.786508
1.331360,1.868664
0.830358,-1.235782
-0.331585,-1.595492
-1.389582,-1.672217
-1.451549,0.419905
0.364254,1.183534
-0.748324,-0.157773
-0.470163,0.945505
-1.154000,-0.828034
1.841650,0.291564
-0.802711,0.463063
-0.748324,-0.157773
-0.642627,-1.233792
0.130349,-0.363577
1.417519,1.947728
-1.686253,-0.042500
-1.042969,-1.006625
1.707037,1.232349
0.084248,-1.843670
0.609954,1.252143
-0.567358,1.265478
0.904077,1.294592
-0.334923,-0.346829
-1.149757,0.506051
-1.307983,1.890290
-0.186910,-1.483600
0.947816,1.311497
1.183695,0.171772
-0.555716,0.929790
-1.337229,0.014715
1.704870,-1.246884
1.816921,-1.987336
0.623578,1.205472
1.513329,-1.872813
1.167882,1.459269
0.523767,1.336848
0.833535,1.038705
0.442169,-0.287729
1.101450,0.295590
0.604437,0.414475
0.845560,1.954854
1.649430,-0.884934
1.459254,-0.128621
0.766445,-0.427903
0.674044,-0.818489
1.026937,1.350018
0.113899,-0.842642
0.048024,-0.594048
1.318527,-0.111640
0.555756,1.765475
1.081716,-1.750059
-0.734231,-1.282462
-0.414235,-1.366082
-0.416125,-1.055624
-0.806136,-0.824049
0.396604,0.220396
-1.602840,1.686489
1.094375,1.775198
1.489111,-1.133263
-1.574489,-0.929908
-1.775523,1.245257
0.005583,0.066512
-1.381803,1.731378
0.329895,0.017084
0.068616,1.310210
-0.823502,1.770445
-0.749622,1.305747
0.842173,1.242302
-0.165499,-0.066463
0.703957,-1.710921
0.827943,1.179002
-0.293480,-0.553630
-0.362305,0.145024
0.097395,-1.824298
0.636365,-0.009698
0.627191,1.236523
-1.996410,0.417060
1.338610,-1.183713
-0.809898,-1.267967
-0.228653,-0.809664
1.422953,1.997065
1.730920,1.822851
-0.119795,-0.022268
-0.573425,-0.920516
-0.949295,-0.633748
0.892100,1.971933
1.122155,1.543393
0.558019,-0.219288
0.531721,-0.790380
1.324823,1.843071
1.332297,-1.781422
0.215850,0.982331
-0.695859,-0.217729
1.830084,-1.829855
-1.873473,1.122359
-0.649588,-0.076389
0.491721,0.230056
0.967302,1.904098
0.936105,1.837822
0.965015,-1.325308
-1.304786,0.047091
1.745785,0.379108
0.302654,-0.705176
-1.081201,1.538276
-0.995175,-1.983955
-1.305289,-0.318744
1.263381,-1.512764
0.695120,1.462233
0.052267,-0.415765
0.864712,0.996392
0.341670,-1.642818
0.986792,-1.896798
1.254815,1.521729
-0.996336,0.145107
-1.208618,-0.112707
-1.618508,-0.296746
-1.930401,-1.889066
-1.337229,0.014715
1.306876,0.867102
-1.571857,1.550439
0.524758,-0.500866
1.286848,1.493348
-0.329812,1.793175
0.722741,-0.485648
0.616808,-0.508181
-1.271888,1.746259
-1.327902,1.467932
1.404799,1.996362
0.935978,-0.872047
-1.346194,0.747785
1.596705,1.061682
-1.642686,-0.109163
1.705996,-1.742277
0.267574,0.293133
-0.926803,-1.432002
0.344202,-1.823267
1.311609,1.851668
1.086457,1.104275
1.105125,-1.609070
-0.151948,-0.056936
0.262229,0.184308
1.205302,-1.490469
-1.812296,-1.418815
1.383013,0.869468
0.647992,-1.155192
1.312038,1.105213
1.553378,-1.569236
-1.305289,-0.318744
0.391680,-0.014485
-1.577563,-0.056295
0.795135,-0.645633
1.037428,-0.471029
0.959438,-1.861383
-0.342259,-1.056125
-1.675532,0.186123
0.011567,0.359761
0.805353,-0.915067
1.330593,-1.751524
-1.979933,-0.679674
0.967963,1.322396
1.319566,1.954772
-1.902983,-0.159072
-0.718832,-0.019587
-0.250653,1.161390
0.909115,1.292479
-0.228653,-0.809664
1.919872,0.588617
-0.450388,0.206790
0.293537,1.110535
0.478497,-0.358205
0.742779,1.678939
-1.231951,1.600543
-1.323245,1.850394
1.378310,1.140744
0.070536,1.886815
0.936927,-1.950423
-1.229536,-0.252458
-1.271888,1.746259
-1.290487,1.924044
-0.538337,-1.969623
-1.522416,-1.932538
-0.927309,0.217948
1.806915,0.212775
0.904847,1.950224
-1.707286,0.697922
-1.493365,-1.236151
-1.941869,1.344567
-0.768643,1.014316
-0.144509,0.363585
-0.813647,-0.651519
-1.746479,1.962806
1.794005,-1.438255
-1.719955,-0.002109
-0.447123,-0.614653
-0.449631,1.683150
0.377633,1.218078
-1.339998,1.646803
-1.327902,1.467932
-1.406645,0.308068
1.743638,-1.098205
1.412712,-0.296688
1.678469,-1.993695
-0.539199,-0.843545
-1.288112,0.843704
1.642495,-1.439040
-1.875273,0.619953
1.931071,1.626545
0.393455,-0.657809
-1.661350,-1.518445
-0.122593,-1.110690
0.749995,-0.608630
-0.466656,0.327794
0.152773,-1.008191
-0.621879,0.244378
1.705996,-1.742277
-0.259528,1.841147
-1.180237,0.055484
-1.441444,0.103351
-1.313558,-1.860028
1.835462,0.678019
1.407355,0.150987
-0.915246,1.644454
-0.742169,0.559114
-0.877205,0.675813
-0.182109,1.909541
-0.822866,0.574057
-1.053754,-0.229129
-1.246304,-1.007285
0.957870,0.758403
0.446149,-1.643887
0.113391,-0.489835
-0.672168,-0.587034
-0.594828,1.668422
1.689542,1.305430
-1.488234,-1.096679
1.306212,0.239762
1.138546,1.385193
0.830394,-1.945756
1.378310,1.140744
-1.683708,-1.570792
-1.049464,-0.078210
0.672744,-1.536403
1.676560,0.099467
-1.813189,0.782956
1.238827,1.955084
1.119629,1.480011
1.960540,0.080562
-1.234548,1.042404
0.483949,-1.884427
1.744929,1.082151
-0.037387,1.613862
0.139379,-1.905850
-1.913803,-0.610510
0.843839,-0.242835
1.858008,0.669026
0.370478,1.643456
-1.657091,-1.090210
0.075310,1.169586
-0.488837,1.154611
0.725869,1.606565
1.372983,1.258036
-0.561211,-0.069544
-1.563385,1.207235
1.130654,0.873982
0.890508,-1.719988
-1.892325,-0.635123
0.816958,1.744355
-1.196590,1.696257
-1.324905,0.277678
-1.518878,0.393540
1.181201,1.400841
1.528607,-1.842610
0.526158,-0.566906
-0.461661,0.336293
1.467281,0.474311
-1.747714,0.663385
1.289906,-0.708373
0.088236,-0.615805
-1.323245,1.850394
-1.050300,0.987985
0.763105,0.816810
0.006128,0.351821
-0.330544,1.350846
1.513329,-1.872813
-0.322543,-0.964788
0.824519,-1.273043
-0.269488,-0.658686
1.989453,1.646349
0.941851,0.771825
-1.972803,1.390903
1.016032,-1.324872
-1.994544,-0.398713
1.633613,1.469965
-0.362692,1.222984
-1.533154,0.265404
0.075737,0.223948
-0.782172,1.638145
-0.580061,-1.539674
1.995269,1.556115
-0.474487,-1.762027
1.034717,0.604243
1.798626,1.754091
0.974542,-0.271080
-0.763112,0.938965
1.992762,0.279310
0.204312,-1.580847
-1.370027,-0.627091
-1.063924,1.974741
-0.724215,-0.320451
-1.898469,-1.170353
-1.394227,-1.638648
0.466285,-1.583444
-0.044103,1.872744
-0.369758,-0.129838
0.852736,-0.617393
1.286848,1.493348
-1.800429,1.442595
-1.628187,1.921085
1.539707,-0.176773
1.631950,-0.642710
-1.721732,-0.600690
-0.682847,-0.447502
0.364427,-1.448286
0.813974,-0.881436
0.485563,0.858010
0.670897,1.009552
0.987143,0.519853
1.707136,-1.274849
-0.888923,-1.605767
-1.947658,-1.365731
-0.482930,0.913607
-0.969316,-1.109884
-1.158064,-1.349471
-1.710290,0.838193
1.241141,-0.378834
-1.417199,1.673909
1.016032,-1.324872
-1.628187,1.921085
-1.160552,-0.678013
0.247315,1.141007
-1.682076,-1.690475
-1.504231,-0.399636
0.027477,0.550295
1.783687,-1.313231
-0.212940,1.764618
0.382185,1.258120
1.316851,-0.446697
-0.213552,1.279742
-0.867569,-0.722708
1.601781,-0.359281
-0.342944,0.334500
1.169960,0.086110
1.775001,-1.890488
0.570053,1.756176
-1.618508,-0.296746
0.804659,-1.482230
-0.927711,0.467756
1.707037,1.232349
1.901788,-0.443069
0.605883,1.721170
-1.875273,0.619953
0.941105,0.125457
0.364650,-0.210902
-0.091778,0.264181
-1.581911,1.361086
0.306594,-0.731245
1.353357,0.786192
1.018749,1.009507
1.612057,-0.524340
1.589459,0.642577
-0.378960,-1.497448
1.707136,-1.274849
-0.157186,-0.948056
1.117776,-0.764634
-1.408231,0.409384
1.156075,-0.920097
-0.325490,0.570984
-0.196228,0.909276
-0.457037,1.603255
-1.955668,1.241454
-1.362260,1.489272
1.783687,-1.313231
0.784842,0.945767
0.654500,-1.845364
0.990673,0.754712
1.597972,0.220279
-1.860567,-0.634518
1.676560,0.099467
-0.363418,-0.910317
-1.265083,0.439259
-0.146530,0.592362
1.851795,1.543130
-1.484678,0.001703
0.962671,0.683799
-1.732698,1.849146
-0.953714,-0.763084
1.950933,1.208207
1.597972,0.220279
-0.446755,1.344394
0.815680,0.735781
1.345650,-1.079684
-1.803370,1.123060
1.997433,-0.659145
-0.970800,-1.616696
1.324165,1.767744
0.396460,0.299383
-0.520755,1.039979
-1.196389,-1.805404
1.215339,-1.237746
-1.721389,0.281292
0.858343,0.229854
1.815500,0.609778
0.170492,-1.325108
-1.987526,0.902001
1.489111,-1.133263
0.909250,0.467746
-1.587132,-1.390549
-1.289780,0.671650
1.437465,-0.895270
-0.911673,0.778726
-0.599817,-1.130652
0.275678,-0.465194
1.807931,0.846525
0.746955,0.283104
1.987837,0.301134
1.393677,-0.513932
0.466285,-1.583444
-1.557520,-0.749936
0.769196,1.753955
1.183847,-0.414102
-1.198923,-0.254956
-0.458058,-0.492388
-0.428429,1.868779
0.598560,1.641932
-0.884445,-1.088507
-1.263573,-0.336797
1.283199,-0.564920
1.183695,0.171772
-1.821829,1.106898
0.642936,0.779308
-0.367935,0.587365
1.323427,-0.866710
0.155128,1.751314
-0.994151,1.202076
0.354734,1.290128
0.776985,0.754376
-0.759887,0.242219
1.912903,1.981915
1.505057,-1.710202
1.722520,1.839035
-1.448884,-1.890245
1.119629,1.480011
-0.926803,-1.432002
0.469006,-1.356878
1.062101,0.315435
-1.907856,-0.553441
0.729104,-0.976021
1.949732,-1.183799
1.314919,-0.130543
-1.696084,0.064006
-0.474487,-1.762027
-0.688189,-0.703118
-1.645106,0.851287
-1.504231,-0.399636
-1.411535,0.472581
1.273731,1.980759
-1.220955,-1.051269
0.774146,-1.815672
-0.287902,-1.281402
-1.158064,-1.349471
0.267368,0.312222
1.594932,0.635386
-1.412575,1.911688
-0.939269,-0.012453
0.986868,1.659942
-0.341978,-0.873419
-0.825576,-1.831492
0.908018,-1.280880
-1.232059,-1.317672
1.062101,0.315435
-1.534521,-1.288707
1.667722,1.672905
1.764161,0.569488
-0.789233,0.182329
1.124574,0.704421
-1.227645,1.263940
0.427088,0.952068
1.613581,-0.384488
1.292068,-0.715672
1.183847,-0.414102
1.038234,0.289069
-1.290487,1.924044
1.749938,-0.435966
-0.293480,-0.553630
1.763707,-0.310682
-1.403755,-1.520108
0.193499,-0.299439
-1.890413,-0.814601
-0.782965,-1.349285
1.107297,0.552283
-0.933641,-1.357805
-1.094486,0.687556
1.540233,1.035682
0.491725,-0.366595
-0.017539,-0.635284
0.341670,-1.642818
-0.236321,1.125316
-0.799472,1.635851
-1.376271,0.616798
0.325899,-0.647177
0.198620,-1.931808
0.766294,-1.272339
-0.230832,0.695916
0.603417,0.726497
1.244840,1.713044
-1.606777,-0.681543
1.939988,-1.954607
-0.145969,-0.288973
-0.851821,0.127729
1.599687,0.208554
1.386394,-0.586279
-1.150694,0.846541
1.559951,-1.717532
0.999190,1.613722
0.614073,-1.263034
-0.390707,-0.723864
-0.773579,0.331908
1.711289,0.496155
0.684972,0.446438
-0.512072,-0.153847
-1.719955,-0.002109
0.380904,1.811809
1.983234,-1.485107
-1.689800,1.910061
0.149242,1.192650
-0.638708,0.703990
-0.132746,-0.922174
-0.260356,0.332274
-1.937714,-1.297612
1.858008,0.669026
-1.253881,0.864929
-1.456154,1.749256
-1.941869,1.344567
-1.320703,-0.679416
1.878843,0.477035
-0.763112,0.938965
0.830394,-1.945756
-0.998635,0.046398
-0.965685,0.654031
1.330886,0.914502
1.169489,-0.875492
-0.653051,0.124652
1.514848,-1.594998
-0.230832,0.695916
1.161353,-0.047105
-1.661350,-1.518445
1.251777,0.852770
1.108699,-0.361406
0.486438,0.014805
0.414005,1.609226
-1.249649,-1.731417
0.178256,-0.489671
-0.390707,-0.723864
-0.147341,0.575489
-0.954249,0.597027
0.653916,0.811683
0.474948,1.831959
1.156075,-0.920097
-0.869199,-0.793185
1.876726,0.777058
-1.425241,0.929580
-1.721732,-0.600690
-1.175048,0.576048
0.908018,-1.280880
1.801991,1.244536
1.807064,-0.400760
0.018042,-0.509179
1.034382,0.639382
1.045220,-0.832660
0.076785,-0.005464
1.649430,-0.884934
-1.231490,1.411255
-1.821899,-0.915722
-1.449108,1.794111
-1.139766,0.020233
-1.905313,-0.551540
0.798656,1.040592
-0.965484,-1.469511
0.641471,-1.656728
1.108699,-0.361406
-0.036181,-1.384699
1.880426,0.698203
-0.539199,-0.843545
-0.688189,-0.703118
0.461109,-0.697675
0.985395,-0.909234
0.198620,-1.931808
1.765630,-1.910140
-0.884226,0.056536
0.439894,-1.887296
-1.444116,-0.129886
-0.194469,1.655452
0.483077,1.391824
-1.775523,1.245257
-1.722467,0.216845
0.195647,-0.213485
0.784842,0.945767
-1.198923,-0.254956
-0.538337,-1.969623
1.066866,1.262268
-1.394227,-1.638648
1.618215,0.422092
1.279402,0.980421
-0.424244,1.397065
1.606327,-1.300558
-1.252845,1.627953
0.149242,1.192650
-0.291046,-0.368643
-0.423103,-0.445005
1.583514,0.380288
0.153460,-0.676484
-0.449217,-1.043522
-1.242672,-0.994779
1.328194,0.691077
-1.605606,1.833208
-1.238725,1.851660
-1.406445,-0.527844
1.217828,-0.379224
-1.521418,-0.525344
-0.552204,1.397051
1.579625,-0.272715
1.830638,1.163690
-1.879712,1.918879
-1.626365,1.341070
0.985395,-0.909234
-0.729558,0.583681
1.012881,1.932576
-1.949884,1.527193
-0.992914,-0.865366
1.750022,-0.179791
-0.357956,-1.587499
-1.571366,0.894164
-1.563385,1.207235
0.215850,0.982331
-0.449217,-1.043522
-0.618064,0.597863
-0.878740,-0.654247
0.387091,1.149584
1.271512,0.678896
0.301518,1.625281
-0.323250,-0.729260
1.950734,-1.225675
-0.439696,0.913819
-0.005891,-1.604080
0.770166,0.938118
0.179317,1.763485
1.167506,1.832043
-0.581624,-0.670040
1.238827,1.955084
1.858545,1.717284
-1.588220,0.652868
-1.397292,0.013811
1.772976,-0.339738
0.220543,-1.333326
-0.789233,0.182329
-0.491826,0.854253
-0.334923,-0.346829
1.753499,-0.682385
-0.253322,1.625235
-1.012370,-1.574629
-0.135034,-0.503563
0.155128,1.751314
0.897920,-1.528137
1.377961,1.549246
1.795792,1.660069
-1.716262,1.676165
-1.788095,-0.362350
1.863454,0.815259
-1.731344,1.333807
-0.432198,1.173531
0.646711,0.653357
-1.791306,-1.226016
-1.705570,-0.520384
1.223490,-0.912756
0.798656,1.040592
-0.145914,1.923667
0.785447,1.887171
0.036905,-1.322232
1.271503,1.646044
-0.160684,-1.043371
0.548624,-0.809474
1.722761,-0.135968
0.414005,1.609226
1.938236,-1.663016
1.980684,-1.444032
-1.716795,1.136015
0.785139,0.290051
-1.375323,1.066164
1.623064,-1.559291
0.229470,-1.177652
-0.559484,-1.856583
-1.551446,-1.909774
-0.719981,-0.260661
-1.392284,-1.283295
0.021012,-1.308399
-0.388369,1.166838
-0.253449,1.300625
-1.730632,1.050794
0.576623,0.793942
1.939988,-1.954607
0.111124,1.058909
0.178256,-0.489671
0.168775,1.393055
-0.133368,1.741889
-1.955668,1.241454
1.864787,0.984546
0.697856,1.065141
1.665537,0.429013
0.647992,-1.155192
-1.131150,0.866349
-1.587132,-1.390549
1.361175,-0.161759
-0.291046,-0.368643
0.153460,-0.676484
1.195193,0.854766
1.373318,-1.249377
1.543864,-0.342970
-1.234539,1.992300
-1.190364,-1.338252
-0.432361,-1.000134
-1.626698,-0.887868
-0.049186,-0.545452
-1.425241,0.929580
0.445381,-1.498126
1.101450,0.295590
-0.045900,0.796967
-1.599509,0.230208
-1.720038,1.812826
1.702403,-0.257099
1.286848,1.493348
-1.594363,0.159335
-1.580508,1.976421
-0.897582,-1.879253
1.828094,-1.200983
-1.648284,-1.812314
-1.639150,1.246389
-1.354681,1.156206
1.634476,1.685221
0.087970,1.442445
0.845619,-1.138197
0.575997,0.845972
1.951850,-1.234195
0.942697,0.772502
-1.432814,-1.709714
-1.866751,1.363247
0.499878,-1.165069
-1.079205,0.430537
1.179552,-1.773748
-0.076107,-0.010829
1.826595,0.287816
0.180665,-1.957630
-1.300287,-0.041710
-0.416345,0.222928
-1.697765,-0.677299
1.423099,-0.481829
1.435407,0.462145
-0.802711,0.463063
0.318210,-0.119389
1.773852,-1.994304
-0.832026,-1.396878
-0.387830,1.947782
-1.231914,-0.598385
1.900250,-1.820744
-1.462043,-0.423020
0.283984,-1.713097
-1.079287,0.683010
1.830638,1.163690
1.879956,1.817555
1.406670,-1.406030
-0.773579,0.331908
0.660647,-0.507174
1.857103,0.364832
-1.722467,0.216845
0.215850,0.982331
0.450728,-1.823333
-1.745343,1.812792
-1.412575,1.911688
-0.250653,1.161390
0.955633,1.388676
-0.759887,0.242219
1.652164,0.358266
1.860011,1.176779
1.518427,0.151953
0.564285,-0.295320
1.323347,-0.787598
-1.571969,0.325345
0.942773,1.110171
0.934541,0.521890
1.030678,-0.480660
0.725869,1.606565
-1.723077,1.117899
-1.389617,0.274284
-1.472061,-1.091820
-1.046890,-0.990072
-1.615766,-1.603340
-1.806002,1.205886
0.577916,1.528984
1.463946,0.411307
-0.884287,-0.707544
1.516782,0.522791
-0.067386,0.896681
-0.042659,-0.191061
-0.812285,-1.991229
-0.357363,0.889238
1.886206,1.345498
-1.918785,0.749536
-1.393734,-1.213977
1.172557,-1.288273
-1.722467,0.216845
1.345650,-1.079684
-0.416492,1.565618
1.656495,-0.550080
-1.358622,1.907151
-0.091459,0.763315
1.318527,-0.111640
0.226580,-1.194554
0.485563,0.858010
1.549518,-1.808367
-0.235645,-1.457484
1.559896,-0.835674
-0.832026,-1.396878
0.312810,0.851214
-0.799472,1.635851
1.436757,1.262919
0.503011,-1.999157
0.970367,0.310116
0.151318,-0.273238
0.575003,0.430229
0.714676,0.346698
-0.745104,-1.792005
0.067396,-0.127223
0.074135,1.627486
-0.940647,0.044306
1.696549,0.206125
-0.562786,0.257456
-1.722467,0.216845
-1.987526,0.902001
1.195193,0.854766
-0.243358,-0.299374
1.423099,-0.481829
0.220543,-1.333326
1.702411,1.173801
1.446143,1.363109
1.593042,1.180860
-1.378354,-1.418014
-0.200061,1.180406
-0.722469,-0.482571
1.128630,-1.590378
-1.110722,1.280849
-0.204723,-0.561373
-1.411535,0.472581
-0.490563,0.057907
-1.574489,-0.929908
-0.869627,0.682423
-1.674631,1.348524
-1.688119,1.003038
-0.930471,0.741470
-1.247445,0.929875
1.569785,0.981985
-1.606777,-0.681543
-1.954024,1.037727
1.743638,-1.098205
1.171166,1.367727
-0.259954,-1.491271
1.257380,0.273941
0.839368,1.863332
-0.197858,-0.004030
-1.626698,-0.887868
-0.446755,1.344394
-1.605406,1.775613
-0.949036,1.548092
0.464600,0.424961
0.180796,-0.928395
-1.983996,-1.404733
-0.889483,-1.161997
-0.712776,-0.256431
-0.138549,-0.301351
-0.359403,1.332741
-1.322939,0.807349
-1.406645,0.308068
0.639496,-1.630187
1.899935,1.394928
-0.416125,-1.055624
0.894747,-0.011886
-0.888923,-1.605767
1.631950,-0.642710
1.632972,-1.959632
1.197174,-1.896715
1.498363,-1.260754
0.558977,0.967303
-1.884166,-1.318426
0.482769,1.172574
0.526158,-0.566906
1.997344,0.578273
-0.139431,0.789629
1.097545,1.687023
1.915412,-1.882391
-0.107483,0.941371
0.407190,-1.857971
0.304373,1.912443
1.663435,1.812394
-1.386721,-0.404676
0.021012,-1.308399
1.307931,-0.321549
-1.639664,-1.225292
-0.332847,1.190969
1.266589,-0.761952
-0.481960,1.858073
0.749995,-0.608630
0.682150,1.167066
-0.506422,0.750739
-0.637165,1.468938
0.713315,-1.054812
-1.266998,1.676439
0.768340,-1.123017
1.115919,1.022415
0.461750,0.511039
-0.034424,1.070330
-1.517978,-0.612317
0.859796,-1.400304
1.663435,1.812394
-1.443999,-0.678593
-1.918785,0.749536
-1.459511,1.565387
-0.081065,1.994624
1.514140,0.397104
-1.951815,-0.119546
1.009147,-0.892251
0.662663,0.732266
-0.653051,0.124652
-0.119129,-1.837497
-1.365869,0.849658
1.985884,1.410723
-1.196389,-1.805404
0.289429,-1.839420
1.922513,1.327824
1.919872,0.588617
1.540714,-0.456773
-1.892325,-0.635123
-0.497354,-1.581064
-1.417564,-0.795748
-0.782965,-1.349285
1.862593,0.048358
0.760556,0.841954
-1.281239,-0.273666
0.842172,-0.434676
1.605425,-1.247195
1.089402,-1.834119
-1.143493,1.497549
0.795135,-0.645633
-1.663425,-0.884906
1.128630,-1.590378
0.890508,-1.719988
-0.461661,0.336293
0.932644,-1.610397
-1.231490,1.411255
-0.326373,1.214519
-0.390114,1.413356
-0.807292,-1.079832
0.215850,0.982331
-0.477243,0.653864
1.117707,1.404702
-0.464350,1.553612
-0.304849,1.872842
1.353357,0.786192
-1.821899,-0.915722
1.443248,0.266176
-0.618064,0.597863
1.093814,0.040304
0.638012,1.332336
-0.247115,-0.704224
0.073235,1.947775
0.885529,1.017295
1.933157,1.892650
-0.759887,0.242219
1.409842,0.852942
1.169489,-0.875492
-0.611608,1.048234
0.421433,-1.297722
-1.745343,1.812792
-0.712776,-0.256431
1.249168,0.190479
1.632883,0.066789
-1.557520,-0.749936
1.385885,1.618189
0.414005,1.609226
-0.836541,1.993730
1.618215,0.422092
1.976258,-0.704578
1.857103,0.364832
1.187775,-1.010366
1.582757,0.915320
1.190788,0.169756
0.633405,1.615062
1.897026,-1.616309
1.489111,-1.133263
0.396460,0.299383
-1.720038,1.812826
1.801156,0.539822
1.314919,-0.130543
1.188070,1.864333
1.489111,-1.133263
1.999078,0.837862
-0.737136,-0.735273
1.230601,-0.360631
-0.937837,1.176815
-0.043474,1.816769
-0.243358,-0.299374
-1.758086,0.140185
0.839368,1.863332
-1.200283,1.086620
0.156499,1.528053
-1.459472,1.259301
-1.896164,-0.307389
-0.099689,1.270757
-0.247115,-0.704224
-1.417199,1.673909
-1.265092,0.860624
-1.538562,-1.871399
-1.434434,1.307983
1.569785,0.981985
-0.367935,0.587365
-1.055354,1.956600
1.657196,-0.605530
-1.721732,-0.600690
-0.565292,0.371819
-1.652406,-0.049086
0.684972,0.446438
1.605425,-1.247195
-1.437675,1.032262
-1.731344,1.333807
-0.984382,0.514555
1.861917,1.707709
-1.813109,-0.672174
1.057714,1.747434
0.588812,0.841299
-1.506041,1.199247
-0.532988,-1.637892
-0.457037,1.603255
-1.717184,-1.515178
0.642936,0.779308
1.901145,-1.278152
-0.792045,-0.121910
-0.310415,0.897726
1.896167,0.497061
-0.761090,-0.240586
0.404933,-1.356343
0.861442,-0.317329
-1.271888,1.746259
-0.423103,-0.445005
-0.044671,-0.196787
-0.937837,1.176815
1.740437,-0.830042
-0.882811,1.779324
-1.325189,0.585709
-0.882811,1.779324
1.006552,-1.731443
-0.688189,-0.703118
1.478727,-1.538235
0.021012,-1.308399
-0.580061,-1.539674
-0.438835,-1.272942
1.042050,-1.684373
-1.533154,0.265404
1.109719,0.686256
-1.378354,-1.418014
-0.414235,-1.366082
0.725869,1.606565
-0.363105,-0.503901
-1.775523,1.245257
1.815500,0.609778
0.202979,1.319888
1.254511,0.036837
-0.737199,-0.557277
0.603100,0.947034
0.267574,0.293133
0.267574,0.293133
0.345380,0.827409
-0.081200,1.142265
-0.458058,-0.492388
-1.238725,1.851660
0.090188,1.339088
-1.353483,-0.411844
-0.559484,-1.856583
-1.664131,1.610570
0.191250,-1.786508
-1.434434,1.307983
-0.719981,-0.260661
-1.150694,0.846541
-1.732698,1.849146
0.998198,-0.642984
1.277384,1.818178
-1.988463,0.711209
-1.393734,-1.213977
1.561852,-1.778375
1.427127,1.366709
1.457131,0.578844
0.970367,0.310116
0.839639,0.392250
-0.548122,0.662599
1.324165,1.767744
-0.034424,1.070330
-0.792045,-0.121910
0.665031,1.008559
1.353357,0.786192
-0.660592,0.774224
-0.225229,-0.630193
1.726913,-0.712954
-0.620291,-1.925645
1.505057,-1.710202
1.580227,1.296123
1.773852,-1.994304
1.737472,-0.888411
1.877224,-1.496044
-0.362692,1.222984
0.461810,-1.423296
-1.890344,0.056275
0.041968,1.643322
0.584491,-1.055152
0.473500,-0.863956
1.834303,-1.073499
-1.663425,-0.884906
-0.822322,-1.483700
-1.994544,-0.398713
0.350062,0.713807
0.733304,1.009223
0.024690,0.905718
-0.182501,0.832776
1.163002,-0.227871
-1.894535,-1.338479
-0.253322,1.625235
-1.419219,1.595624
-0.265457,-1.280122
1.412712,-0.296688
-0.209079,-1.750468
0.670097,0.210159
-0.574524,-0.167907
-1.606777,-0.681543
1.459254,-0.128621
-0.299734,0.053070
-0.956521,0.141717
-1.545131,0.190034
0.588812,0.841299
0.883629,0.577194
-1.820354,0.591150
-1.748596,-0.604443
-1.722409,-0.361710
-1.147997,-0.099698
-0.477067,-0.893236
0.303281,-1.723297
-0.776678,-1.651791
0.820197,-0.683653
-1.165936,-1.433328
0.883629,0.577194
-0.259754,-1.722988
-0.308386,0.206450
-0.216759,1.514365
1.686036,1.661965
0.151318,-0.273238
-0.827945,-1.591456
-1.353483,-0.411844
1.092079,0.173551
0.211620,0.044809
-0.692573,-1.739232
-0.317289,0.808967
-0.602484,1.345363
0.933427,0.283992
-1.039545,-1.036751
-1.936660,0.855562
0.807941,-0.217790
0.767720,-1.857670
1.459254,-0.128621
-0.043474,1.816769
-0.237578,0.727197
-1.044244,-1.932192
-0.691124,-0.769122
0.032408,-0.291821
0.577916,1.528984
-1.862989,-1.711569
0.769196,1.753955
-0.387205,-0.045413
0.220543,-1.333326
-0.369758,-0.129838
-0.056771,-0.725097
-0.091459,0.763315
-1.345238,-1.296758
1.950734,-1.225675
-0.716800,-1.820112
-1.175048,0.576048
-1.020228,-0.493590
-1.392284,-1.283295
-0.927447,0.435084
-1.472061,-1.091820
0.035121,-0.957099
0.264421,0.565454
-1.939699,-1.602842
0.780248,-0.065014
-1.507063,-1.831450
0.981444,1.676868
1.740437,-0.830042
0.941105,0.125457
1.149313,-1.227939
0.953018,-0.850136
1.130654,0.873982
0.357063,-1.426772
1.834700,-0.355961
1.579625,-0.272715
-0.346308,-1.963694
1.363170,1.168656
0.604689,0.344347
-0.911673,0.778726
1.616144,-1.030461
-1.250632,1.560891
0.517032,-1.929469
-1.226431,0.991916
1.835972,0.658617
-0.234200,-0.196727
-0.863123,-0.332278
